# step, loss_train, loss_test, metrics_test
0.000000000000000000e+00 9.333857421875000000e+03 9.333857421875000000e+03
1.000000000000000000e+03 3.048013427734375000e+03 3.048013427734375000e+03
2.000000000000000000e+03 1.506056884765625000e+03 1.506056884765625000e+03
3.000000000000000000e+03 9.267831420898437500e+02 9.267831420898437500e+02
4.000000000000000000e+03 5.644969482421875000e+02 5.644969482421875000e+02
5.000000000000000000e+03 3.222133483886718750e+02 3.222133483886718750e+02
6.000000000000000000e+03 1.696255340576171875e+02 1.696255340576171875e+02
7.000000000000000000e+03 8.120590209960937500e+01 8.120590209960937500e+01
8.000000000000000000e+03 3.482772064208984375e+01 3.482772064208984375e+01
9.000000000000000000e+03 1.317608642578125000e+01 1.317608642578125000e+01
1.000000000000000000e+04 4.478300571441650391e+00 4.478300571441650391e+00
1.100000000000000000e+04 1.361542940139770508e+00 1.361542940139770508e+00
1.200000000000000000e+04 4.025314450263977051e-01 4.025314450263977051e-01
1.300000000000000000e+04 1.310598999261856079e-01 1.310598999261856079e-01
1.400000000000000000e+04 8.066721260547637939e-02 8.066721260547637939e-02
1.500000000000000000e+04 2.825777605175971985e-02 2.825777605175971985e-02
1.600000000000000000e+04 8.268774747848510742e-01 8.268774747848510742e-01
1.700000000000000000e+04 1.411551889032125473e-02 1.411551889032125473e-02
1.800000000000000000e+04 1.153106894344091415e-02 1.153106894344091415e-02
1.900000000000000000e+04 1.007615961134433746e-02 1.007615961134433746e-02
2.000000000000000000e+04 5.508158728480339050e-02 5.508158728480339050e-02
2.100000000000000000e+04 8.277665823698043823e-03 8.277665823698043823e-03
2.200000000000000000e+04 7.651714608073234558e-03 7.651714608073234558e-03
2.300000000000000000e+04 7.031805813312530518e-03 7.031805813312530518e-03
2.400000000000000000e+04 1.290993206202983856e-02 1.290993206202983856e-02
2.500000000000000000e+04 5.927368998527526855e-03 5.927368998527526855e-03
2.600000000000000000e+04 6.592145655304193497e-03 6.592145655304193497e-03
2.700000000000000000e+04 3.423528075218200684e-01 3.423528075218200684e-01
2.800000000000000000e+04 2.132157981395721436e-02 2.132157981395721436e-02
2.900000000000000000e+04 1.266106311231851578e-02 1.266106311231851578e-02
3.000000000000000000e+04 3.615371650084853172e-03 3.615371650084853172e-03
3.100000000000000000e+04 1.032986398786306381e-02 1.032986398786306381e-02
3.200000000000000000e+04 7.009041029959917068e-03 7.009041029959917068e-03
3.300000000000000000e+04 1.342961750924587250e-02 1.342961750924587250e-02
3.400000000000000000e+04 1.293605118989944458e-01 1.293605118989944458e-01
3.500000000000000000e+04 2.916598459705710411e-03 2.916598459705710411e-03
3.600000000000000000e+04 1.707085520029067993e-01 1.707085520029067993e-01
3.700000000000000000e+04 2.584751462563872337e-03 2.584751462563872337e-03
3.800000000000000000e+04 9.615004807710647583e-02 9.615004807710647583e-02
3.900000000000000000e+04 1.387230306863784790e-01 1.387230306863784790e-01
4.000000000000000000e+04 1.218932960182428360e-02 1.218932960182428360e-02
4.100000000000000000e+04 2.851245924830436707e-03 2.851245924830436707e-03
4.200000000000000000e+04 1.081436052918434143e-01 1.081436052918434143e-01
4.300000000000000000e+04 2.212622901424765587e-03 2.212622901424765587e-03
4.400000000000000000e+04 1.288777142763137817e-01 1.288777142763137817e-01
4.500000000000000000e+04 5.816445220261812210e-03 5.816445220261812210e-03
4.600000000000000000e+04 2.368639688938856125e-03 2.368639688938856125e-03
4.700000000000000000e+04 1.882054656744003296e-01 1.882054656744003296e-01
4.800000000000000000e+04 9.616282582283020020e-02 9.616282582283020020e-02
4.900000000000000000e+04 9.744340181350708008e-02 9.744340181350708008e-02
5.000000000000000000e+04 4.466355219483375549e-02 4.466355219483375549e-02
5.000000000000000000e+04 4.486816748976707458e-02 4.466355219483375549e-02
5.100000000000000000e+04 1.750785508193075657e-03 1.698245643638074398e-03
5.200000000000000000e+04 2.217153320088982582e-03 2.169792074710130692e-03
5.300000000000000000e+04 2.008762396872043610e-02 2.008460089564323425e-02
5.300000000000000000e+04 2.008762396872043610e-02 2.008460089564323425e-02
5.400000000000000000e+04 9.090837556868791580e-04 9.090837556868791580e-04
5.500000000000000000e+04 5.316421738825738430e-04 5.316421738825738430e-04
5.600000000000000000e+04 3.871560038533061743e-04 3.871560038533061743e-04
5.700000000000000000e+04 3.005344187840819359e-04 3.005344187840819359e-04
5.800000000000000000e+04 2.519724948797374964e-04 2.519724948797374964e-04
5.844100000000000000e+04 2.310438430868089199e-04 2.257711021229624748e-04
5.844100000000000000e+04 2.393077447777613997e-04 2.257711021229624748e-04
5.900000000000000000e+04 2.974716189783066511e-04 2.859488013200461864e-04
6.000000000000000000e+04 3.825607523322105408e-02 3.822765499353408813e-02
6.044200000000000000e+04 6.569277029484510422e-04 6.428331835195422173e-04
6.100000000000000000e+04 2.702746714930981398e-04 2.702746714930981398e-04
6.114700000000000000e+04 2.521245623938739300e-04 2.353007002966478467e-04
6.114700000000000000e+04 2.622144820634275675e-04 2.353007002966478467e-04
6.200000000000000000e+04 3.483790496829897165e-04 3.272669564466923475e-04
6.300000000000000000e+04 4.497456538956612349e-04 4.323188040871173143e-04
6.314800000000000000e+04 4.093001130968332291e-03 4.070627503097057343e-03
6.373900000000000000e+04 2.853922196663916111e-04 2.677524462342262268e-04
6.373900000000000000e+04 2.918830432463437319e-04 2.677524462342262268e-04
6.400000000000000000e+04 6.202096119523048401e-04 6.026779883541166782e-04
6.500000000000000000e+04 5.232136324048042297e-02 5.231622979044914246e-02
6.574000000000000000e+04 2.353854849934577942e-02 2.352225966751575470e-02
6.600000000000000000e+04 5.139470449648797512e-04 5.139470449648797512e-04
6.669600000000000000e+04 3.067964571528136730e-04 2.828621654771268368e-04
6.669600000000000000e+04 3.187139518558979034e-04 2.828621654771268368e-04
6.700000000000000000e+04 3.671257582027465105e-04 3.420183493290096521e-04
6.800000000000000000e+04 5.161531735211610794e-03 5.122001748532056808e-03
6.869700000000000000e+04 5.622531473636627197e-02 5.618988722562789917e-02
6.900000000000000000e+04 4.948817077092826366e-04 4.948817077092826366e-04
6.969300000000000000e+04 3.358001704327762127e-04 3.117315063718706369e-04
6.969300000000000000e+04 3.412158403079956770e-04 3.117315063718706369e-04
7.000000000000000000e+04 7.858732715249061584e-04 7.626623846590518951e-04
7.100000000000000000e+04 6.413185619749128819e-04 6.204908131621778011e-04
7.169400000000000000e+04 2.579659922048449516e-03 2.557263476774096489e-03
7.200000000000000000e+04 4.758374416269361973e-04 4.758374416269361973e-04
7.261900000000000000e+04 3.488847287371754646e-04 3.197978658135980368e-04
7.261900000000000000e+04 3.546826774254441261e-04 3.197978658135980368e-04
7.300000000000000000e+04 5.248315283097326756e-04 5.026669241487979889e-04
7.400000000000000000e+04 5.573124624788761139e-03 5.554686766117811203e-03
7.462000000000000000e+04 9.498372091911733150e-04 9.295598138123750687e-04
7.500000000000000000e+04 4.409386310726404190e-04 4.409386310726404190e-04
7.578100000000000000e+04 3.316526708658784628e-04 3.058796282857656479e-04
7.578100000000000000e+04 3.362994175404310226e-04 3.058796282857656479e-04
7.600000000000000000e+04 8.099118131212890148e-04 7.781729800626635551e-04
7.700000000000000000e+04 4.397366719786077738e-04 4.143189871683716774e-04
7.778200000000000000e+04 5.489389877766370773e-04 5.262317718006670475e-04
7.800000000000000000e+04 4.282377485651522875e-04 4.282377485651522875e-04
7.866600000000000000e+04 3.292535257060080767e-04 3.039172443095594645e-04
7.866600000000000000e+04 3.335207002237439156e-04 3.039172443095594645e-04
7.900000000000000000e+04 6.892940145917236805e-04 6.565725780092179775e-04
8.000000000000000000e+04 8.786043035797774792e-04 8.553556981496512890e-04
8.066700000000000000e+04 1.533456146717071533e-02 1.526091154664754868e-02
8.100000000000000000e+04 4.082704836037009954e-04 4.082704836037009954e-04
8.118700000000000000e+04 3.769102040678262711e-04 3.565691295079886913e-04
8.118700000000000000e+04 3.806813037954270840e-04 3.565691295079886913e-04
8.200000000000000000e+04 4.486370598897337914e-04 4.249509365763515234e-04
8.300000000000000000e+04 7.989136502146720886e-03 7.985745556652545929e-03
8.318800000000000000e+04 1.817611455917358398e-01 1.812924295663833618e-01
8.400000000000000000e+04 3.362833813298493624e-04 3.362833813298493624e-04
8.404900000000000000e+04 3.362371353432536125e-04 3.132017445750534534e-04
8.404900000000000000e+04 3.390165802557021379e-04 3.132017445750534534e-04
8.500000000000000000e+04 3.667925484478473663e-04 3.424685273785144091e-04
8.600000000000000000e+04 7.009306456893682480e-03 6.984841544181108475e-03
8.605000000000000000e+04 5.575371324084699154e-04 5.363913951441645622e-04
8.627300000000000000e+04 4.021324857603758574e-04 3.813566581811755896e-04
8.627300000000000000e+04 4.054751479998230934e-04 3.813566581811755896e-04
8.700000000000000000e+04 4.333668330218642950e-04 4.087764828000217676e-04
8.800000000000000000e+04 1.461590081453323364e-02 1.452249102294445038e-02
8.827400000000000000e+04 2.485899813473224640e-02 2.475977316498756409e-02
8.889600000000000000e+04 3.961604088544845581e-04 3.733930061571300030e-04
8.889600000000000000e+04 4.002318310085684061e-04 3.733930061571300030e-04
8.900000000000000000e+04 2.098802942782640457e-03 2.078609308227896690e-03
9.000000000000000000e+04 7.072098087519407272e-04 6.875297985970973969e-04
9.089700000000000000e+04 2.441612333059310913e-01 2.434902042150497437e-01
9.100000000000000000e+04 5.549759953282773495e-04 5.549759953282773495e-04
9.191300000000000000e+04 3.543280763551592827e-04 3.325191210024058819e-04
9.191300000000000000e+04 3.569443069864064455e-04 3.325191210024058819e-04
9.200000000000000000e+04 2.356515266001224518e-03 2.318273298442363739e-03
9.300000000000000000e+04 5.675426800735294819e-04 5.451312172226607800e-04
9.391400000000000000e+04 2.636234648525714874e-02 2.623675577342510223e-02
9.400000000000000000e+04 5.756027530878782272e-04 5.756027530878782272e-04
9.465700000000000000e+04 3.616146277636289597e-04 3.397262480575591326e-04
9.465700000000000000e+04 3.647765843197703362e-04 3.397262480575591326e-04
9.500000000000000000e+04 1.459480612538754940e-03 1.446001697331666946e-03
9.600000000000000000e+04 5.345832323655486107e-04 5.128853372298181057e-04
9.665800000000000000e+04 2.709492146968841553e-01 2.700697183609008789e-01
9.700000000000000000e+04 4.364460473880171776e-04 4.364460473880171776e-04
9.723900000000000000e+04 3.912996908184140921e-04 3.692737082019448280e-04
9.723900000000000000e+04 3.944230847992002964e-04 3.692737082019448280e-04
9.800000000000000000e+04 4.451668646652251482e-04 4.273621307220309973e-04
9.900000000000000000e+04 2.682202728465199471e-03 2.642266917973756790e-03
9.924000000000000000e+04 1.811010180972516537e-03 1.785654923878610134e-03
9.992600000000000000e+04 3.741858818102627993e-04 3.555295988917350769e-04
9.992600000000000000e+04 3.766737063415348530e-04 3.555295988917350769e-04
1.000000000000000000e+05 5.134585779160261154e-03 4.959423560649156570e-03
1.010000000000000000e+05 5.105086602270603180e-04 4.899073974229395390e-04
1.019270000000000000e+05 6.281476817093789577e-04 6.078000878915190697e-04
1.020000000000000000e+05 5.411011516116559505e-04 5.411011516116559505e-04
1.030000000000000000e+05 3.272000758443027735e-04 3.272000758443027735e-04
1.030770000000000000e+05 3.202295047231018543e-04 3.020493313670158386e-04
1.030770000000000000e+05 3.235109907109290361e-04 3.020493313670158386e-04
1.040000000000000000e+05 3.371541097294539213e-04 3.187598194926977158e-04
1.050000000000000000e+05 1.615053159184753895e-03 1.587605336681008339e-03
1.050780000000000000e+05 2.081560716032981873e-02 2.080649696290493011e-02
1.057440000000000000e+05 3.285406564828008413e-04 3.108393284492194653e-04
1.057440000000000000e+05 3.314033383503556252e-04 3.108393284492194653e-04
1.060000000000000000e+05 6.289804005064070225e-04 6.109886453486979008e-04
1.070000000000000000e+05 6.606090464629232883e-04 6.417730473913252354e-04
1.077450000000000000e+05 3.502541221678256989e-03 3.469793591648340225e-03
1.080000000000000000e+05 4.094361502211540937e-04 4.094361502211540937e-04
1.088190000000000000e+05 3.053773834835737944e-04 2.869605377782136202e-04
1.088190000000000000e+05 3.075326385442167521e-04 2.869605377782136202e-04
1.090000000000000000e+05 8.101553539745509624e-04 7.937625050544738770e-04
1.100000000000000000e+05 9.532934986054897308e-03 9.506221860647201538e-03
1.108200000000000000e+05 4.847146570682525635e-03 4.813271574676036835e-03
1.110000000000000000e+05 4.317662387620657682e-04 4.317662387620657682e-04
1.116570000000000000e+05 3.170074196532368660e-04 2.975382667500525713e-04
1.116570000000000000e+05 3.198287449777126312e-04 2.975382667500525713e-04
1.120000000000000000e+05 6.357124075293540955e-04 6.173867732286453247e-04
1.130000000000000000e+05 4.996840725652873516e-04 4.807290097232908010e-04
1.136580000000000000e+05 4.906391259282827377e-04 4.723681777250021696e-04
1.140000000000000000e+05 3.669241559691727161e-04 3.669241559691727161e-04
1.141860000000000000e+05 3.373117069713771343e-04 3.163912624586373568e-04
1.141860000000000000e+05 3.413244558032602072e-04 3.163912624586373568e-04
1.150000000000000000e+05 1.813611481338739395e-03 1.759117934852838516e-03
1.160000000000000000e+05 5.342629272490739822e-03 5.325380712747573853e-03
1.161870000000000000e+05 1.808889508247375488e-01 1.802100688219070435e-01
1.170000000000000000e+05 3.345620061736553907e-04 3.345620061736553907e-04
1.173430000000000000e+05 3.017092531081289053e-04 2.835609193425625563e-04
1.173430000000000000e+05 3.043699543923139572e-04 2.835609193425625563e-04
1.180000000000000000e+05 3.573748399503529072e-04 3.393751976545900106e-04
1.190000000000000000e+05 9.952674154192209244e-04 9.765053982846438885e-04
1.193440000000000000e+05 1.764254877343773842e-03 1.739282626658678055e-03
1.200000000000000000e+05 3.230301954317837954e-04 3.230301954317837954e-04
1.201760000000000000e+05 3.096165892202407122e-04 2.888278686441481113e-04
1.201760000000000000e+05 3.116700390819460154e-04 2.888278686441481113e-04
1.210000000000000000e+05 3.975605359300971031e-04 3.815674863290041685e-04
1.220000000000000000e+05 7.438969612121582031e-02 7.399965077638626099e-02
1.221770000000000000e+05 3.595900721848011017e-03 3.572805086150765419e-03
1.229350000000000000e+05 3.120689361821860075e-04 2.923699212260544300e-04
1.229350000000000000e+05 3.139490436296910048e-04 2.923699212260544300e-04
1.230000000000000000e+05 1.390802673995494843e-02 1.345323212444782257e-02
1.240000000000000000e+05 1.224751584231853485e-03 1.205921405926346779e-03
1.249360000000000000e+05 3.435425460338592529e-02 3.415676206350326538e-02
1.250000000000000000e+05 4.323358880355954170e-04 4.323358880355954170e-04
1.260000000000000000e+05 2.849554293788969517e-04 2.849554293788969517e-04
1.261100000000000000e+05 2.785641700029373169e-04 2.629232476465404034e-04
1.261100000000000000e+05 2.805418334901332855e-04 2.629232476465404034e-04
1.270000000000000000e+05 3.750507603399455547e-04 3.584004298318177462e-04
1.280000000000000000e+05 4.697442345786839724e-04 4.539282526820898056e-04
1.281110000000000000e+05 6.208992004394531250e-02 6.186007335782051086e-02
1.289270000000000000e+05 3.058067231904715300e-04 2.866635331884026527e-04
1.289270000000000000e+05 3.075398562941700220e-04 2.866635331884026527e-04
1.290000000000000000e+05 3.405965166166424751e-03 3.373543266206979752e-03
1.300000000000000000e+05 4.843374772462993860e-04 4.668558831326663494e-04
1.309280000000000000e+05 1.262473035603761673e-02 1.256951224058866501e-02
1.310000000000000000e+05 4.621513653546571732e-04 4.621513653546571732e-04
1.317710000000000000e+05 3.007898048963397741e-04 2.810003934428095818e-04
1.317710000000000000e+05 3.022876917384564877e-04 2.810003934428095818e-04
1.320000000000000000e+05 4.562700341921299696e-04 4.400521283969283104e-04
1.330000000000000000e+05 4.285473842173814774e-04 4.136185452807694674e-04
1.337720000000000000e+05 8.109962567687034607e-03 8.065971545875072479e-03
1.340000000000000000e+05 4.216987872496247292e-04 4.216987872496247292e-04
1.348990000000000000e+05 2.787096018437296152e-04 2.612554526422172785e-04
1.348990000000000000e+05 2.801902010105550289e-04 2.612554526422172785e-04
1.350000000000000000e+05 4.315034952014684677e-03 4.301849287003278732e-03
1.360000000000000000e+05 4.000526387244462967e-04 3.825024468824267387e-04
1.369000000000000000e+05 4.144492372870445251e-02 4.116870090365409851e-02
1.370000000000000000e+05 4.667493631131947041e-04 4.667493631131947041e-04
1.377270000000000000e+05 2.953057992272078991e-04 2.764934615697711706e-04
1.377270000000000000e+05 2.969427150674164295e-04 2.764934615697711706e-04
1.380000000000000000e+05 2.242855029180645943e-03 2.221999689936637878e-03
1.390000000000000000e+05 4.213586507830768824e-04 4.055832105223089457e-04
1.397280000000000000e+05 1.464716857299208641e-03 1.447629299946129322e-03
1.400000000000000000e+05 3.855322138406336308e-04 3.855322138406336308e-04
1.406790000000000000e+05 2.862039254978299141e-04 2.673764829523861408e-04
1.406790000000000000e+05 2.878497762139886618e-04 2.673764829523861408e-04
1.410000000000000000e+05 4.478768969420343637e-04 4.266719624865800142e-04
1.420000000000000000e+05 4.033552540931850672e-04 3.870326618198305368e-04
1.426800000000000000e+05 1.038281619548797607e-02 1.032635755836963654e-02
1.430000000000000000e+05 3.694848564919084311e-04 3.694848564919084311e-04
1.432720000000000000e+05 3.189292328897863626e-04 3.003125602845102549e-04
1.432720000000000000e+05 3.209177812095731497e-04 3.003125602845102549e-04
1.440000000000000000e+05 3.577914321795105934e-04 3.357875102665275335e-04
1.450000000000000000e+05 4.744317848235368729e-04 4.565366252791136503e-04
1.452730000000000000e+05 4.817411536350846291e-04 4.637913662008941174e-04
1.460000000000000000e+05 2.999835996888577938e-04 2.999835996888577938e-04
1.461370000000000000e+05 2.902702253777533770e-04 2.705027291085571051e-04
1.461370000000000000e+05 2.921538834925740957e-04 2.705027291085571051e-04
1.470000000000000000e+05 4.208413593005388975e-04 4.052098665852099657e-04
1.480000000000000000e+05 5.717551102861762047e-04 5.557573167607188225e-04
1.481380000000000000e+05 1.189665053971111774e-03 1.170781208202242851e-03
1.490000000000000000e+05 2.942453720606863499e-04 2.942453720606863499e-04
1.490140000000000000e+05 2.942408609669655561e-04 2.756019821390509605e-04
1.490140000000000000e+05 2.959496632684022188e-04 2.756019821390509605e-04
1.500000000000000000e+05 5.343199148774147034e-02 5.330577865242958069e-02
1.510000000000000000e+05 3.625243902206420898e-02 3.611192479729652405e-02
1.510150000000000000e+05 1.000139266252517700e-01 9.950235486030578613e-02
1.517580000000000000e+05 2.953009097836911678e-04 2.768069389276206493e-04
1.517580000000000000e+05 2.969736524391919374e-04 2.768069389276206493e-04
1.520000000000000000e+05 5.124313174746930599e-04 4.923340748064219952e-04
1.530000000000000000e+05 2.001575008034706116e-02 1.998040452599525452e-02
1.537590000000000000e+05 3.190181776881217957e-02 3.175422549247741699e-02
1.540000000000000000e+05 3.785562876146286726e-04 3.785562876146286726e-04
1.546790000000000000e+05 2.777226327452808619e-04 2.602619642857462168e-04
1.546790000000000000e+05 2.789910649880766869e-04 2.602619642857462168e-04
1.550000000000000000e+05 4.353268886916339397e-04 4.178814415354281664e-04
1.560000000000000000e+05 4.922257503494620323e-04 4.773488035425543785e-04
1.566800000000000000e+05 5.992276128381490707e-03 5.962884984910488129e-03
1.570000000000000000e+05 3.679501533042639494e-04 3.679501533042639494e-04
1.575560000000000000e+05 2.893296186812222004e-04 2.715026494115591049e-04
1.575560000000000000e+05 2.907105081249028444e-04 2.715026494115591049e-04
1.580000000000000000e+05 3.889055922627449036e-02 3.868373483419418335e-02
1.590000000000000000e+05 1.310452166944742203e-02 1.305319461971521378e-02
1.595570000000000000e+05 1.737136691808700562e-01 1.727396100759506226e-01
1.600000000000000000e+05 3.432716475799679756e-04 3.432716475799679756e-04
1.604530000000000000e+05 2.870793396141380072e-04 2.678929886315017939e-04
1.604530000000000000e+05 2.883816778194159269e-04 2.678929886315017939e-04
1.610000000000000000e+05 3.562460187822580338e-04 3.374826046638190746e-04
1.620000000000000000e+05 1.245212275534868240e-03 1.227682805620133877e-03
1.624540000000000000e+05 5.392785742878913879e-02 5.375826731324195862e-02
1.630000000000000000e+05 2.988118212670087814e-04 2.988118212670087814e-04
1.632590000000000000e+05 2.744140219874680042e-04 2.558169362600892782e-04
1.632590000000000000e+05 2.756527392193675041e-04 2.558169362600892782e-04
1.640000000000000000e+05 2.465914469212293625e-03 2.437438350170850754e-03
1.650000000000000000e+05 6.379467668011784554e-04 6.188962724991142750e-04
1.652600000000000000e+05 8.193419780582189560e-04 8.000180241651833057e-04
1.660000000000000000e+05 2.714082074817270041e-04 2.714082074817270041e-04
1.663720000000000000e+05 2.508571487851440907e-04 2.305032976437360048e-04
1.663720000000000000e+05 2.526852476876229048e-04 2.305032976437360048e-04
1.670000000000000000e+05 3.199376224074512720e-04 3.003603196702897549e-04
1.680000000000000000e+05 5.711433477699756622e-04 5.522356950677931309e-04
1.683730000000000000e+05 2.315087243914604187e-03 2.290657022967934608e-03
1.690000000000000000e+05 2.791649894788861275e-04 2.791649894788861275e-04
1.690320000000000000e+05 2.777421032078564167e-04 2.588295901659876108e-04
1.690320000000000000e+05 2.789403661154210567e-04 2.588295901659876108e-04
1.700000000000000000e+05 2.912192430812865496e-04 2.719625772442668676e-04
1.710000000000000000e+05 1.395934377796947956e-03 1.373934675939381123e-03
1.710330000000000000e+05 3.458495065569877625e-02 3.443163260817527771e-02
1.720000000000000000e+05 2.546802279539406300e-04 2.546802279539406300e-04
1.720600000000000000e+05 2.521971473470330238e-04 2.325627574464306235e-04
1.720600000000000000e+05 2.534081286285072565e-04 2.325627574464306235e-04
1.730000000000000000e+05 3.068206715397536755e-04 2.857322979252785444e-04
1.740000000000000000e+05 3.403789014555513859e-04 3.206881810910999775e-04
1.740610000000000000e+05 1.251743733882904053e-01 1.244951412081718445e-01
1.750000000000000000e+05 2.598356804810464382e-04 2.598356804810464382e-04
1.760000000000000000e+05 2.087657485390082002e-04 2.087657485390082002e-04
1.769990000000000000e+05 1.744296168908476830e-04 1.592940534465014935e-04
1.769990000000000000e+05 1.758000435074791312e-04 1.592940534465014935e-04
1.770000000000000000e+05 8.687408447265625000e+00 8.485574722290039062e+00
1.780000000000000000e+05 2.439042291371151805e-04 2.291104465257376432e-04
1.790000000000000000e+05 5.218246486037969589e-03 5.194860044866800308e-03
1.800000000000000000e+05 2.860616194084286690e-03 2.837444189935922623e-03
1.800000000000000000e+05 2.860616194084286690e-03 2.837444189935922623e-03
1.810000000000000000e+05 1.957813510671257973e-04 1.957813510671257973e-04
1.811730000000000000e+05 1.883904333226382732e-04 1.714136014925315976e-04
1.811730000000000000e+05 1.895438326755538583e-04 1.714136014925315976e-04
1.820000000000000000e+05 3.398502245545387268e-02 3.409948572516441345e-02
1.830000000000000000e+05 6.191425025463104248e-03 6.179131567478179932e-03
1.831740000000000000e+05 6.341153639368712902e-04 6.210954161360859871e-04
1.840000000000000000e+05 2.166000776924192905e-04 2.166000776924192905e-04
1.845520000000000000e+05 1.873888977570459247e-04 1.719936990411952138e-04
1.845520000000000000e+05 1.884154335130006075e-04 1.719936990411952138e-04
1.850000000000000000e+05 2.599905419629067183e-04 2.417232753941789269e-04
1.860000000000000000e+05 3.024344623554497957e-04 2.855302009265869856e-04
1.865530000000000000e+05 7.351296953856945038e-04 7.188795134425163269e-04
1.870000000000000000e+05 2.466730657033622265e-04 2.466730657033622265e-04
1.877090000000000000e+05 1.916509500006213784e-04 1.743845205055549741e-04
1.877090000000000000e+05 1.929358550114557147e-04 1.743845205055549741e-04
1.880000000000000000e+05 4.701112047769129276e-04 4.555509949568659067e-04
1.890000000000000000e+05 2.341306681046262383e-04 2.194340922869741917e-04
1.897100000000000000e+05 3.730417520273476839e-04 3.573505091480910778e-04
1.900000000000000000e+05 2.478584647178649902e-04 2.478584647178649902e-04
1.909790000000000000e+05 1.815841533243656158e-04 1.659469999140128493e-04
1.909790000000000000e+05 1.825973304221406579e-04 1.659469999140128493e-04
1.910000000000000000e+05 2.895517945289611816e-01 2.892952859401702881e-01
1.920000000000000000e+05 2.285381342517212033e-04 2.108700573444366455e-04
1.929800000000000000e+05 2.739694318734109402e-04 2.566860348451882601e-04
1.930000000000000000e+05 2.735592715907841921e-04 2.735592715907841921e-04
1.936190000000000000e+05 1.945154945133253932e-04 1.778157602529972792e-04
1.936190000000000000e+05 1.958469074452295899e-04 1.778157602529972792e-04
1.940000000000000000e+05 2.883782144635915756e-04 2.682338817976415157e-04
1.950000000000000000e+05 2.826428390108048916e-04 2.647216024342924356e-04
1.956200000000000000e+05 5.722444970160722733e-03 5.693496204912662506e-03
1.960000000000000000e+05 2.482276759110391140e-04 2.482276759110391140e-04
1.964100000000000000e+05 2.021604159381240606e-04 1.851383567554876208e-04
1.964100000000000000e+05 2.035156940110027790e-04 1.851383567554876208e-04
1.970000000000000000e+05 2.766598481684923172e-04 2.551728975959122181e-04
1.980000000000000000e+05 5.291405250318348408e-04 5.124149611219763756e-04
1.984110000000000000e+05 1.001700311899185181e-01 9.988689422607421875e-02
1.990000000000000000e+05 2.229005622211843729e-04 2.229005622211843729e-04
1.991770000000000000e+05 2.018396335188299417e-04 1.845742226578295231e-04
1.991770000000000000e+05 2.031506883213296533e-04 1.845742226578295231e-04
2.000000000000000000e+05 2.088426263071596622e-04 1.891999563667923212e-04
2.010000000000000000e+05 3.848356753587722778e-02 3.837227448821067810e-02
2.011780000000000000e+05 2.374900430440902710e-01 2.367247194051742554e-01
2.019730000000000000e+05 2.006649301620200276e-04 1.841993071138858795e-04
2.019730000000000000e+05 2.019983658101409674e-04 1.841993071138858795e-04
2.020000000000000000e+05 1.979945302009582520e-01 1.943670660257339478e-01
2.030000000000000000e+05 3.033866814803332090e-04 2.866775903385132551e-04
2.039740000000000000e+05 4.054019972681999207e-02 4.043079912662506104e-02
2.040000000000000000e+05 6.435248651541769505e-04 6.435248651541769505e-04
2.047560000000000000e+05 2.100717101711779833e-04 1.932345185196027160e-04
2.047560000000000000e+05 2.113150985678657889e-04 1.932345185196027160e-04
2.050000000000000000e+05 4.674501542467623949e-04 4.486870311666280031e-04
2.060000000000000000e+05 3.121330519206821918e-04 2.942304708994925022e-04
2.067570000000000000e+05 4.817443259526044130e-04 4.648125905077904463e-04
2.070000000000000000e+05 2.993134257849305868e-04 2.993134257849305868e-04
2.077380000000000000e+05 2.122273872373625636e-04 1.955384213943034410e-04
2.077380000000000000e+05 2.133846865035593510e-04 1.955384213943034410e-04
2.080000000000000000e+05 8.189679682254791260e-02 8.247801661491394043e-02
2.090000000000000000e+05 2.859745873138308525e-04 2.696002775337547064e-04
2.097390000000000000e+05 1.837523304857313633e-03 1.817991840653121471e-03
2.100000000000000000e+05 2.881057444028556347e-04 2.881057444028556347e-04
2.106540000000000000e+05 2.097727847285568714e-04 1.923021773109212518e-04
2.106540000000000000e+05 2.108583721565082669e-04 1.923021773109212518e-04
2.110000000000000000e+05 3.463430330157279968e-04 3.240257210563868284e-04
2.120000000000000000e+05 2.615761477500200272e-04 2.420494274701923132e-04
2.126550000000000000e+05 3.045961784664541483e-04 2.846810966730117798e-04
2.130000000000000000e+05 2.449163584969937801e-04 2.449163584969937801e-04
2.135670000000000000e+05 1.982114627026021481e-04 1.802351325750350952e-04
2.135670000000000000e+05 1.991191238630563021e-04 1.802351325750350952e-04
2.140000000000000000e+05 3.050275554414838552e-04 2.846334245987236500e-04
2.150000000000000000e+05 2.533959632273763418e-04 2.339212660444900393e-04
2.155680000000000000e+05 9.080183226615190506e-04 8.873491897247731686e-04
2.160000000000000000e+05 2.303763030795380473e-04 2.303763030795380473e-04
2.165320000000000000e+05 1.942350208992138505e-04 1.754609693307429552e-04
2.165320000000000000e+05 1.952166931005194783e-04 1.754609693307429552e-04
2.170000000000000000e+05 5.725806695409119129e-04 5.549616762436926365e-04
2.180000000000000000e+05 7.259198930114507675e-03 7.260151207447052002e-03
2.185330000000000000e+05 2.755152285099029541e-01 2.747893333435058594e-01
2.190000000000000000e+05 2.383026148891076446e-04 2.383026148891076446e-04
2.194580000000000000e+05 1.957532658707350492e-04 1.782789477147161961e-04
2.194580000000000000e+05 1.965777919394895434e-04 1.782789477147161961e-04
2.200000000000000000e+05 2.760366201400756836e-01 2.727798223495483398e-01
2.210000000000000000e+05 1.506525184959173203e-02 1.500116009265184402e-02
2.214590000000000000e+05 9.066663333214819431e-04 8.838127250783145428e-04
2.220000000000000000e+05 2.391602029092609882e-04 2.391602029092609882e-04
2.224540000000000000e+05 2.043728309217840433e-04 1.863079232862219214e-04
2.224540000000000000e+05 2.052752970485016704e-04 1.863079232862219214e-04
2.230000000000000000e+05 2.807774289976805449e-04 2.605654590297490358e-04
2.240000000000000000e+05 8.008729200810194016e-04 7.827886729501187801e-04
2.244550000000000000e+05 9.329645545221865177e-04 9.136778535321354866e-04
2.249260000000000000e+05 2.448681334499269724e-04 2.271649864269420505e-04
2.249260000000000000e+05 2.458670933265239000e-04 2.271649864269420505e-04
2.250000000000000000e+05 5.427519325166940689e-03 5.373901221901178360e-03
2.260000000000000000e+05 2.856962091755121946e-04 2.667080552782863379e-04
2.269270000000000000e+05 4.221043083816766739e-03 4.195781424641609192e-03
2.270000000000000000e+05 3.164914378430694342e-04 3.164914378430694342e-04
2.278950000000000000e+05 2.006468130275607109e-04 1.825799408834427595e-04
2.278950000000000000e+05 2.014569327002391219e-04 1.825799408834427595e-04
2.280000000000000000e+05 6.513070547953248024e-04 6.189950508996844292e-04
2.290000000000000000e+05 1.574658788740634918e-03 1.559951575472950935e-03
2.298960000000000000e+05 8.181566954590380192e-04 7.990623125806450844e-04
2.300000000000000000e+05 2.978495322167873383e-04 2.978495322167873383e-04
2.307080000000000000e+05 2.053187636192888021e-04 1.869611005531623960e-04
2.307080000000000000e+05 2.060888946289196610e-04 1.869611005531623960e-04
2.310000000000000000e+05 3.309871244709938765e-04 3.144461079500615597e-04
2.320000000000000000e+05 2.902203996200114489e-04 2.748245024122297764e-04
2.327090000000000000e+05 3.352405328769236803e-04 3.194101736880838871e-04
2.330000000000000000e+05 2.642767794895917177e-04 2.642767794895917177e-04
2.334870000000000000e+05 2.116013783961534500e-04 1.947068958543241024e-04
2.334870000000000000e+05 2.122919249814003706e-04 1.947068958543241024e-04
2.340000000000000000e+05 2.779693459160625935e-04 2.611077507026493549e-04
2.350000000000000000e+05 2.838035288732498884e-04 2.674245915841311216e-04
2.354880000000000000e+05 2.217165194451808929e-03 2.188486745581030846e-03
2.360000000000000000e+05 2.175383706344291568e-04 2.175383706344291568e-04
2.362270000000000000e+05 1.999845117097720504e-04 1.801158359739929438e-04
2.362270000000000000e+05 2.008076407946646214e-04 1.801158359739929438e-04
2.370000000000000000e+05 2.202663454227149487e-04 2.050972980214282870e-04
2.380000000000000000e+05 2.208364894613623619e-03 2.185652032494544983e-03
2.382280000000000000e+05 1.598209142684936523e-01 1.590263545513153076e-01
2.389060000000000000e+05 2.030945906881242990e-04 1.862917852122336626e-04
2.389060000000000000e+05 2.039579267147928476e-04 1.862917852122336626e-04
2.390000000000000000e+05 8.724745130166411400e-04 8.360174833796918392e-04
2.400000000000000000e+05 5.274783470667898655e-04 5.119151901453733444e-04
2.409070000000000000e+05 3.589783445931971073e-04 3.434207465033978224e-04
2.410000000000000000e+05 3.125798830296844244e-04 3.125798830296844244e-04
2.416930000000000000e+05 2.065144217340275645e-04 1.905733224702998996e-04
2.416930000000000000e+05 2.072256174869835377e-04 1.905733224702998996e-04
2.420000000000000000e+05 3.980440669693052769e-04 3.826095780823379755e-04
2.430000000000000000e+05 3.525578940752893686e-04 3.373981453478336334e-04
2.436940000000000000e+05 4.295017570257186890e-03 4.254973493516445160e-03
2.440000000000000000e+05 2.773792948573827744e-04 2.773792948573827744e-04
2.446950000000000000e+05 2.021471736952662468e-04 1.866580423666164279e-04
2.446950000000000000e+05 2.031455078395083547e-04 1.866580423666164279e-04
2.450000000000000000e+05 3.604103694669902325e-04 3.379503032192587852e-04
2.460000000000000000e+05 1.891144923865795135e-02 1.886217668652534485e-02
2.466960000000000000e+05 2.519928384572267532e-04 2.344450913369655609e-04
2.470000000000000000e+05 2.228281082352623343e-04 2.228281082352623343e-04
2.472440000000000000e+05 2.060366241494193673e-04 1.883854565676301718e-04
2.472440000000000000e+05 2.068055910058319569e-04 1.883854565676301718e-04
2.480000000000000000e+05 2.944810257758945227e-04 2.744582598097622395e-04
2.490000000000000000e+05 1.633977284654974937e-03 1.624697819352149963e-03
2.492450000000000000e+05 1.544319689273834229e-01 1.539069265127182007e-01
2.497450000000000000e+05 2.512672508601099253e-04 2.314720186404883862e-04
2.497450000000000000e+05 2.523075963836163282e-04 2.314720186404883862e-04
2.500000000000000000e+05 7.536605116911232471e-04 7.328889332711696625e-04
2.510000000000000000e+05 1.291220635175704956e-02 1.279330253601074219e-02
2.517460000000000000e+05 1.733867335133254528e-03 1.708170399069786072e-03
2.520000000000000000e+05 2.589890791568905115e-04 2.589890791568905115e-04
2.523970000000000000e+05 2.224728232249617577e-04 2.020265383180230856e-04
2.523970000000000000e+05 2.232525730505585670e-04 2.020265383180230856e-04
2.530000000000000000e+05 2.666263026185333729e-04 2.474901557434350252e-04
2.540000000000000000e+05 2.529842895455658436e-04 2.362241793889552355e-04
2.543980000000000000e+05 3.504991531372070312e-01 3.496805131435394287e-01
2.550000000000000000e+05 2.302461507497355342e-04 2.302461507497355342e-04
2.551390000000000000e+05 2.227638906333595514e-04 2.045306755462661386e-04
2.551390000000000000e+05 2.234247658634558320e-04 2.045306755462661386e-04
2.560000000000000000e+05 2.335879107704386115e-04 2.154846297344192863e-04
2.570000000000000000e+05 7.802834734320640564e-03 7.738893385976552963e-03
2.571400000000000000e+05 3.491758543532341719e-04 3.338520182296633720e-04
2.578180000000000000e+05 2.216920838691294193e-04 2.018326194956898689e-04
2.578180000000000000e+05 2.225465577794238925e-04 2.018326194956898689e-04
2.580000000000000000e+05 5.479000974446535110e-04 5.233021220192313194e-04
2.590000000000000000e+05 2.228502853540703654e-04 2.057036617770791054e-04
2.598190000000000000e+05 2.881746622733771801e-04 2.712486020755022764e-04
2.600000000000000000e+05 2.538673870731145144e-04 2.538673870731145144e-04
2.604540000000000000e+05 2.176393900299444795e-04 1.987502910196781158e-04
2.604540000000000000e+05 2.183221076847985387e-04 1.987502910196781158e-04
2.610000000000000000e+05 2.817825879901647568e-04 2.619214646983891726e-04
2.620000000000000000e+05 2.819321525748819113e-04 2.644885971676558256e-04
2.624550000000000000e+05 2.603349089622497559e-01 2.593593001365661621e-01
2.630000000000000000e+05 2.287091774633154273e-04 2.287091774633154273e-04
2.632350000000000000e+05 2.107477921526879072e-04 1.914714375743642449e-04
2.632350000000000000e+05 2.114745293511077762e-04 1.914714375743642449e-04
2.640000000000000000e+05 2.269565011374652386e-04 2.107428153976798058e-04
2.650000000000000000e+05 2.738476032391190529e-04 2.572233206592500210e-04
2.652360000000000000e+05 2.724440419115126133e-04 2.554820966906845570e-04
2.657500000000000000e+05 2.191120729548856616e-04 2.006012800848111510e-04
2.657500000000000000e+05 2.198235742980614305e-04 2.006012800848111510e-04
2.660000000000000000e+05 4.776779969688504934e-04 4.501649527810513973e-04
2.670000000000000000e+05 4.779754672199487686e-04 4.565084236674010754e-04
2.677510000000000000e+05 4.966416745446622372e-04 4.784754710271954536e-04
2.680000000000000000e+05 2.503613359294831753e-04 2.503613359294831753e-04
2.683830000000000000e+05 2.156481350539252162e-04 1.955304906005039811e-04
2.683830000000000000e+05 2.163750468753278255e-04 1.955304906005039811e-04
2.690000000000000000e+05 2.506064192857593298e-04 2.314570156158879399e-04
2.700000000000000000e+05 1.625900738872587681e-03 1.603159122169017792e-03
2.703840000000000000e+05 3.177537291776388884e-04 3.022639721166342497e-04
2.710000000000000000e+05 2.097788528772071004e-04 2.097788528772071004e-04
2.712130000000000000e+05 1.988795702345669270e-04 1.813113631214946508e-04
2.712130000000000000e+05 1.996472565224394202e-04 1.813113631214946508e-04
2.720000000000000000e+05 3.783708962146192789e-04 3.636764304246753454e-04
2.730000000000000000e+05 2.623344305902719498e-03 2.600671257823705673e-03
2.732140000000000000e+05 3.311282198410481215e-04 3.139114996884018183e-04
2.738040000000000000e+05 2.121393918059766293e-04 1.924768148455768824e-04
2.738040000000000000e+05 2.129081840394064784e-04 1.924768148455768824e-04
2.740000000000000000e+05 4.492183797992765903e-04 4.287146148271858692e-04
2.750000000000000000e+05 2.852971956599503756e-04 2.696822339203208685e-04
2.758050000000000000e+05 3.771266201511025429e-04 3.627142286859452724e-04
2.760000000000000000e+05 2.792447921819984913e-04 2.792447921819984913e-04
2.768600000000000000e+05 2.028722083196043968e-04 1.865573722170665860e-04
2.768600000000000000e+05 2.036373480223119259e-04 1.865573722170665860e-04
2.770000000000000000e+05 6.002543377690017223e-04 5.730910925194621086e-04
2.780000000000000000e+05 6.938143633306026459e-04 6.810933118686079979e-04
2.788610000000000000e+05 3.321035299450159073e-03 3.328199964016675949e-03
2.790000000000000000e+05 2.852140751201659441e-04 2.852140751201659441e-04
2.800000000000000000e+05 1.959414221346378326e-04 1.959414221346378326e-04
2.810000000000000000e+05 1.675186795182526112e-04 1.675186795182526112e-04
2.813290000000000000e+05 1.598212547833099961e-04 1.450901618227362633e-04
2.813290000000000000e+05 1.608295569894835353e-04 1.450901618227362633e-04
2.820000000000000000e+05 3.512380644679069519e-04 3.359698748681694269e-04
2.830000000000000000e+05 2.357016783207654953e-04 2.210673264926299453e-04
2.833300000000000000e+05 1.725234673358500004e-03 1.720934174954891205e-03
2.839640000000000000e+05 1.879014889709651470e-04 1.715071266517043114e-04
2.839640000000000000e+05 1.886057871161028743e-04 1.715071266517043114e-04
2.840000000000000000e+05 5.378746241331100464e-02 5.184772610664367676e-02
2.850000000000000000e+05 4.034664854407310486e-02 4.038708657026290894e-02
2.859650000000000000e+05 5.704497545957565308e-02 5.695539712905883789e-02
2.860000000000000000e+05 3.200433857273310423e-04 3.200433857273310423e-04
2.867340000000000000e+05 1.874173321994021535e-04 1.710196520434692502e-04
2.867340000000000000e+05 1.882395590655505657e-04 1.710196520434692502e-04
2.870000000000000000e+05 4.968194407410919666e-04 4.749341460410505533e-04
2.880000000000000000e+05 8.289563702419400215e-04 8.135193493217229843e-04
2.887350000000000000e+05 2.769114507827907801e-04 2.615108969621360302e-04
2.887530000000000000e+05 2.769114507827907801e-04 2.615108969621360302e-04
2.887530000000000000e+05 2.778391935862600803e-04 2.615108969621360302e-04
2.890000000000000000e+05 3.462430904619395733e-04 3.200870414730161428e-04
2.900000000000000000e+05 2.424427075311541557e-04 2.267837262479588389e-04
2.907540000000000000e+05 1.221573795191943645e-03 1.200106227770447731e-03
2.910000000000000000e+05 2.371211157878860831e-04 2.371211157878860831e-04
2.913030000000000000e+05 2.093921502819284797e-04 1.920012582559138536e-04
2.913030000000000000e+05 2.102823054883629084e-04 1.920012582559138536e-04
2.920000000000000000e+05 2.426021092105656862e-04 2.242343471152707934e-04
2.930000000000000000e+05 2.219373127445578575e-04 2.058622776530683041e-04
2.933040000000000000e+05 1.287078391760587692e-02 1.281924359500408173e-02
2.940000000000000000e+05 2.048006426775828004e-04 2.048006426775828004e-04
2.941710000000000000e+05 1.962623791769146919e-04 1.782856998033821583e-04
2.941710000000000000e+05 1.971610763575881720e-04 1.782856998033821583e-04
2.950000000000000000e+05 2.115837996825575829e-04 1.948453864315524697e-04
2.960000000000000000e+05 2.802940784022212029e-03 2.782557392492890358e-03
2.961720000000000000e+05 1.996712759137153625e-03 1.975666964426636696e-03
2.970000000000000000e+05 2.003238187171518803e-04 2.003238187171518803e-04
2.970520000000000000e+05 1.978533837245777249e-04 1.794824056560173631e-04
2.970520000000000000e+05 1.985935959964990616e-04 1.794824056560173631e-04
2.980000000000000000e+05 6.047692149877548218e-03 6.057290360331535339e-03
2.990000000000000000e+05 1.116828992962837219e-03 1.086685806512832642e-03
2.990530000000000000e+05 5.728682153858244419e-04 5.606550839729607105e-04
2.998760000000000000e+05 1.997428335016593337e-04 1.824100472731515765e-04
2.998760000000000000e+05 2.005539863603189588e-04 1.824100472731515765e-04
3.000000000000000000e+05 9.189617121592164040e-04 8.849042351357638836e-04
3.010000000000000000e+05 8.033951744437217712e-03 7.999116554856300354e-03
3.018770000000000000e+05 6.212519947439432144e-04 6.024982430972158909e-04
3.020000000000000000e+05 2.896628866437822580e-04 2.896628866437822580e-04
3.026330000000000000e+05 2.064399159280583262e-04 1.884725934360176325e-04
3.026330000000000000e+05 2.071706985589116812e-04 1.884725934360176325e-04
3.030000000000000000e+05 6.760205607861280441e-03 6.815563421696424484e-03
3.040000000000000000e+05 4.840281605720520020e-02 4.845102876424789429e-02
3.046340000000000000e+05 3.378022229298949242e-04 3.218201454728841782e-04
3.050000000000000000e+05 2.369059511693194509e-04 2.369059511693194509e-04
3.053640000000000000e+05 2.070114278467372060e-04 1.905704557429999113e-04
3.053640000000000000e+05 2.077017998090013862e-04 1.905704557429999113e-04
3.060000000000000000e+05 2.462391566950827837e-04 2.300253981957212090e-04
3.070000000000000000e+05 6.389891728758811951e-03 6.366383749991655350e-03
3.073650000000000000e+05 1.105082337744534016e-03 1.084529445506632328e-03
3.080000000000000000e+05 2.165665500797331333e-04 2.165665500797331333e-04
3.083970000000000000e+05 1.994383346755057573e-04 1.843302306951954961e-04
3.083970000000000000e+05 2.002860564971342683e-04 1.843302306951954961e-04
3.090000000000000000e+05 3.256500058341771364e-04 3.115803410764783621e-04
3.100000000000000000e+05 1.320214709267020226e-03 1.310940016992390156e-03
3.103980000000000000e+05 9.801737032830715179e-03 9.746704250574111938e-03
3.109020000000000000e+05 2.400169032625854015e-04 2.227756485808640718e-04
3.109020000000000000e+05 2.408992440905421972e-04 2.227756485808640718e-04
3.110000000000000000e+05 1.520747318863868713e-03 1.477428246289491653e-03
3.120000000000000000e+05 2.727530151605606079e-02 2.708800509572029114e-02
3.129030000000000000e+05 6.519378162920475006e-03 6.549289450049400330e-03
3.130000000000000000e+05 2.828733995556831360e-04 2.828733995556831360e-04
3.140000000000000000e+05 2.040857361862435937e-04 2.040857361862435937e-04
3.141210000000000000e+05 2.016017970163375139e-04 1.883116492535918951e-04
3.141210000000000000e+05 2.023284614551812410e-04 1.883116492535918951e-04
3.150000000000000000e+05 2.277244348078966141e-04 2.124024467775598168e-04
3.160000000000000000e+05 2.748979313764721155e-04 2.614161639939993620e-04
3.161220000000000000e+05 1.201467774808406830e-02 1.204942539334297180e-02
3.166750000000000000e+05 2.189839142374694347e-04 2.030203031608834863e-04
3.166750000000000000e+05 2.197798166889697313e-04 2.030203031608834863e-04
3.170000000000000000e+05 4.781123134307563305e-04 4.544899857137352228e-04
3.180000000000000000e+05 2.689755056053400040e-04 2.535326348152011633e-04
3.186760000000000000e+05 4.525327384471893311e-01 4.504379928112030029e-01
3.188260000000000000e+05 2.793433959595859051e-04 2.631768584251403809e-04
3.188260000000000000e+05 2.801441005431115627e-04 2.631768584251403809e-04
3.190000000000000000e+05 1.212243689224123955e-03 1.157806604169309139e-03
3.200000000000000000e+05 3.436257247813045979e-04 3.238226054236292839e-04
3.208270000000000000e+05 2.835141494870185852e-04 2.663119230419397354e-04
3.210000000000000000e+05 2.663758350536227226e-04 2.663758350536227226e-04
3.213370000000000000e+05 2.359948412049561739e-04 2.175049012294039130e-04
3.213370000000000000e+05 2.367315319133922458e-04 2.175049012294039130e-04
3.220000000000000000e+05 2.712951099965721369e-04 2.507538883946835995e-04
3.230000000000000000e+05 5.435907514765858650e-04 5.291160196065902710e-04
3.233380000000000000e+05 8.474331698380410671e-04 8.321218774653971195e-04
3.240000000000000000e+05 2.261259651277214289e-04 2.261259651277214289e-04
3.240170000000000000e+05 2.261211775476112962e-04 2.071513881674036384e-04
3.240170000000000000e+05 2.269278484163805842e-04 2.071513881674036384e-04
3.250000000000000000e+05 1.576926372945308685e-02 1.567537523806095123e-02
3.260000000000000000e+05 3.266933199483901262e-04 3.083854680880904198e-04
3.260180000000000000e+05 2.856110513675957918e-04 2.698406169656664133e-04
3.266940000000000000e+05 2.166809281334280968e-04 1.995044876821339130e-04
3.266940000000000000e+05 2.172791719203814864e-04 1.995044876821339130e-04
3.270000000000000000e+05 3.535825235303491354e-04 3.362394054420292377e-04
3.280000000000000000e+05 2.569991338532418013e-04 2.414633490843698382e-04
3.286950000000000000e+05 2.834843471646308899e-04 2.676598960533738136e-04
3.290000000000000000e+05 2.441808173898607492e-04 2.441808173898607492e-04
3.291540000000000000e+05 2.269332471769303083e-04 2.082690771203488111e-04
3.291540000000000000e+05 2.276226878166198730e-04 2.082690771203488111e-04
3.300000000000000000e+05 2.591865195427089930e-04 2.417568903183564544e-04
3.310000000000000000e+05 1.297506387345492840e-03 1.283600111491978168e-03
3.311550000000000000e+05 1.364797055721282959e-01 1.357886493206024170e-01
3.317280000000000000e+05 2.278168831253424287e-04 2.103987790178507566e-04
3.317280000000000000e+05 2.285379159729927778e-04 2.103987790178507566e-04
3.320000000000000000e+05 4.894015728496015072e-04 4.570759774651378393e-04
3.330000000000000000e+05 1.424534711986780167e-03 1.392482314258813858e-03
3.337290000000000000e+05 2.503909054212272167e-04 2.342928200960159302e-04
3.340000000000000000e+05 2.289818075951188803e-04 2.289818075951188803e-04
3.346050000000000000e+05 2.044328866759315133e-04 1.882331125671043992e-04
3.346050000000000000e+05 2.051094925263896585e-04 1.882331125671043992e-04
3.350000000000000000e+05 7.317575812339782715e-02 7.039879262447357178e-02
3.360000000000000000e+05 3.323851560708135366e-04 3.194513265043497086e-04
3.366060000000000000e+05 6.296229548752307892e-04 6.225613760761916637e-04
3.370000000000000000e+05 2.338443300686776638e-04 2.338443300686776638e-04
3.373110000000000000e+05 2.118493575835600495e-04 1.953704340849071741e-04
3.373110000000000000e+05 2.124763268511742353e-04 1.953704340849071741e-04
3.380000000000000000e+05 2.525154268369078636e-04 2.393452887190505862e-04
3.390000000000000000e+05 4.728099447675049305e-04 4.631727060768753290e-04
3.393120000000000000e+05 5.440129316411912441e-04 5.253513809293508530e-04
3.399880000000000000e+05 2.127091720467433333e-04 1.973378675756976008e-04
3.399880000000000000e+05 2.133823436452075839e-04 1.973378675756976008e-04
3.400000000000000000e+05 1.489056229591369629e+00 1.500230908393859863e+00
3.410000000000000000e+05 2.045157016254961491e-04 1.899841881822794676e-04
3.419890000000000000e+05 2.746642008423805237e-02 2.735689282417297363e-02
3.420000000000000000e+05 9.204885573126375675e-04 9.204885573126375675e-04
3.425880000000000000e+05 2.041031257249414921e-04 1.884916418930515647e-04
3.425880000000000000e+05 2.048548194579780102e-04 1.884916418930515647e-04
3.430000000000000000e+05 2.900581748690456152e-04 2.741227799560874701e-04
3.440000000000000000e+05 2.088083128910511732e-04 1.938996865646913648e-04
3.445890000000000000e+05 2.444371639285236597e-04 2.297652827110141516e-04
3.450000000000000000e+05 2.081694401567801833e-04 2.081694401567801833e-04
3.452270000000000000e+05 2.001111279241740704e-04 1.838994357967749238e-04
3.452270000000000000e+05 2.008508454309776425e-04 1.838994357967749238e-04
3.460000000000000000e+05 2.285006194142624736e-04 2.133322559529915452e-04
3.470000000000000000e+05 2.561837027315050364e-04 2.429940213914960623e-04
3.472280000000000000e+05 1.911732703447341919e-01 1.906508505344390869e-01
3.480000000000000000e+05 1.976278872461989522e-04 1.976278872461989522e-04
3.490000000000000000e+05 1.741279993439093232e-04 1.741279993439093232e-04
3.494300000000000000e+05 1.638954272493720055e-04 1.505519030615687370e-04
3.494300000000000000e+05 1.648455800022929907e-04 1.505519030615687370e-04
3.500000000000000000e+05 2.247993543278425932e-04 2.104905870510265231e-04
3.510000000000000000e+05 3.338464768603444099e-03 3.303393023088574409e-03
3.514310000000000000e+05 2.180714072892442346e-04 2.051991905318573117e-04
3.514490000000000000e+05 2.180634328396990895e-04 2.052021300187334418e-04
3.514490000000000000e+05 2.188822545576840639e-04 2.052021300187334418e-04
3.520000000000000000e+05 2.043434069491922855e-04 1.895378227345645428e-04
3.530000000000000000e+05 2.347990404814481735e-03 2.335553290322422981e-03
3.534500000000000000e+05 1.211022436618804932e-01 1.206688210368156433e-01
3.540000000000000000e+05 1.882772339740768075e-04 1.882772339740768075e-04
3.540480000000000000e+05 1.862469653133302927e-04 1.708166091702878475e-04
3.540480000000000000e+05 1.869522966444492340e-04 1.708166091702878475e-04
3.550000000000000000e+05 1.979755325010046363e-04 1.825233339332044125e-04
3.560000000000000000e+05 7.683213800191879272e-02 7.632349431514739990e-02
3.560490000000000000e+05 1.102479407563805580e-03 1.103882445022463799e-03
3.567720000000000000e+05 1.942642120411619544e-04 1.780814345693215728e-04
3.567720000000000000e+05 1.949127763509750366e-04 1.780814345693215728e-04
3.570000000000000000e+05 5.534126539714634418e-04 5.186368944123387337e-04
3.580000000000000000e+05 2.240611502202227712e-04 2.092388895107433200e-04
3.587730000000000000e+05 2.852419763803482056e-02 2.839485369622707367e-02
3.590000000000000000e+05 2.384864492341876030e-04 2.384864492341876030e-04
3.600000000000000000e+05 1.756831334205344319e-04 1.756831334205344319e-04
3.600030000000000000e+05 1.756831334205344319e-04 1.620486291358247399e-04
3.600030000000000000e+05 1.762333995429798961e-04 1.620486291358247399e-04
3.610000000000000000e+05 3.479180857539176941e-02 3.499012440443038940e-02
3.620000000000000000e+05 8.071428164839744568e-04 8.046607254073023796e-04
3.620040000000000000e+05 4.157422517891973257e-04 4.005347727797925472e-04
3.627980000000000000e+05 1.883851946331560612e-04 1.731697411742061377e-04
3.627980000000000000e+05 1.889107370516285300e-04 1.731697411742061377e-04
3.630000000000000000e+05 4.608659073710441589e-04 4.377838340587913990e-04
3.640000000000000000e+05 3.466953057795763016e-04 3.339609247632324696e-04
3.647990000000000000e+05 3.803938254714012146e-02 3.775101900100708008e-02
3.650000000000000000e+05 2.392493479419499636e-04 2.392493479419499636e-04
3.658060000000000000e+05 1.854791189543902874e-04 1.704938767943531275e-04
3.658060000000000000e+05 1.860265911091119051e-04 1.704938767943531275e-04
3.660000000000000000e+05 4.281639412511140108e-04 3.998656757175922394e-04
3.670000000000000000e+05 2.381405793130397797e-02 2.370750345289707184e-02
3.678070000000000000e+05 3.904793120454996824e-04 3.825026506092399359e-04
3.680000000000000000e+05 2.124527964042499661e-04 2.124527964042499661e-04
3.686790000000000000e+05 1.782296021701768041e-04 1.645977463340386748e-04
3.686790000000000000e+05 1.787275832612067461e-04 1.645977463340386748e-04
3.690000000000000000e+05 4.071172734256833792e-04 3.905696503352373838e-04
3.700000000000000000e+05 4.823404888156801462e-04 4.751785600092262030e-04
3.706800000000000000e+05 5.338219925761222839e-03 5.307227373123168945e-03
3.710000000000000000e+05 2.230054669780656695e-04 2.230054669780656695e-04
3.715750000000000000e+05 1.788925001164898276e-04 1.660862326389178634e-04
3.715750000000000000e+05 1.793363626347854733e-04 1.660862326389178634e-04
3.720000000000000000e+05 1.963990032672882080e-01 1.987845152616500854e-01
3.730000000000000000e+05 8.810722501948475838e-04 8.636583806946873665e-04
3.735760000000000000e+05 1.213880605064332485e-03 1.212108880281448364e-03
3.740000000000000000e+05 1.937883935170248151e-04 1.937883935170248151e-04
3.742360000000000000e+05 1.825497893150895834e-04 1.692439836915582418e-04
3.742360000000000000e+05 1.830935070756822824e-04 1.692439836915582418e-04
3.750000000000000000e+05 6.651341682299971581e-04 6.553326966241002083e-04
3.760000000000000000e+05 4.601537075359374285e-04 4.506342229433357716e-04
3.762370000000000000e+05 5.938024260103702545e-04 5.872044130228459835e-04
3.768320000000000000e+05 1.909948914544656873e-04 1.788402732927352190e-04
3.768320000000000000e+05 1.915572647703811526e-04 1.788402732927352190e-04
3.770000000000000000e+05 3.156092425342649221e-04 2.983076265081763268e-04
3.780000000000000000e+05 1.073717698454856873e-02 1.078374590724706650e-02
3.788330000000000000e+05 5.743812071159482002e-04 5.594711983576416969e-04
3.790000000000000000e+05 2.303359069628641009e-04 2.303359069628641009e-04
3.794680000000000000e+05 1.937835186254233122e-04 1.812702394090592861e-04
3.794680000000000000e+05 1.942744274856522679e-04 1.812702394090592861e-04
3.800000000000000000e+05 2.063805586658418179e-04 1.950679579749703407e-04
3.810000000000000000e+05 8.976449258625507355e-03 8.984282612800598145e-03
3.814690000000000000e+05 1.083686016499996185e-03 1.066939090378582478e-03
3.820000000000000000e+05 1.973503385670483112e-04 1.973503385670483112e-04
3.830000000000000000e+05 1.635747466934844851e-04 1.635747466934844851e-04
3.840000000000000000e+05 1.452164433430880308e-04 1.452164433430880308e-04
3.843500000000000000e+05 1.392228150507435203e-04 1.300963340327143669e-04
3.843500000000000000e+05 1.400037290295585990e-04 1.300963340327143669e-04
3.850000000000000000e+05 1.495945325586944818e-04 1.399220200255513191e-04
3.860000000000000000e+05 1.918644993565976620e-03 1.914355438202619553e-03
3.863510000000000000e+05 1.727592498064041138e-01 1.718656122684478760e-01
3.867200000000000000e+05 1.617602247279137373e-04 1.522110396763309836e-04
3.867200000000000000e+05 1.622783602215349674e-04 1.522110396763309836e-04
3.870000000000000000e+05 2.759351336862891912e-04 2.652668626978993416e-04
3.880000000000000000e+05 2.788581768982112408e-04 2.727995160967111588e-04
3.887210000000000000e+05 4.072044976055622101e-03 4.057781770825386047e-03
3.890000000000000000e+05 1.978506770683452487e-04 1.978506770683452487e-04
3.894020000000000000e+05 1.655987143749371171e-04 1.546379789942875504e-04
3.894020000000000000e+05 1.662699796725064516e-04 1.546379789942875504e-04
3.900000000000000000e+05 1.807361550163477659e-04 1.707881456241011620e-04
3.910000000000000000e+05 2.279609208926558495e-03 2.290830714628100395e-03
3.914030000000000000e+05 3.223300445824861526e-04 3.150449483655393124e-04
3.920000000000000000e+05 1.538840879220515490e-04 1.538840879220515490e-04
3.920200000000000000e+05 1.535707560833543539e-04 1.434837904525920749e-04
3.920200000000000000e+05 1.541742822155356407e-04 1.434837904525920749e-04
3.930000000000000000e+05 1.719305582810193300e-04 1.621308911126106977e-04
3.940000000000000000e+05 4.271721467375755310e-02 4.229344427585601807e-02
3.940210000000000000e+05 3.966346848756074905e-03 3.923958633095026016e-03
3.950000000000000000e+05 1.563188852742314339e-04 1.563188852742314339e-04
3.955420000000000000e+05 1.464664674131199718e-04 1.360938040306791663e-04
3.955420000000000000e+05 1.471642899559810758e-04 1.360938040306791663e-04
3.960000000000000000e+05 2.295183367095887661e-04 2.181512973038479686e-04
3.970000000000000000e+05 3.081434697378426790e-04 2.997784467879682779e-04
3.975430000000000000e+05 1.600793329998850822e-03 1.589345047250390053e-03
3.980000000000000000e+05 1.645337470108643174e-04 1.645337470108643174e-04
3.982870000000000000e+05 1.541888923384249210e-04 1.437706669094040990e-04
3.982870000000000000e+05 1.548877917230129242e-04 1.437706669094040990e-04
3.990000000000000000e+05 3.571848943829536438e-02 3.573909774422645569e-02
4.000000000000000000e+05 2.011568722082301974e-04 1.907541300170123577e-04
4.002880000000000000e+05 2.588396018836647272e-04 2.504471631255000830e-04
4.010000000000000000e+05 1.622849813429638743e-04 1.622849813429638743e-04
4.010460000000000000e+05 1.610235485713928938e-04 1.499931822763755918e-04
4.010460000000000000e+05 1.616875961190089583e-04 1.499931822763755918e-04
4.020000000000000000e+05 2.980922290589660406e-04 2.888291783165186644e-04
4.030000000000000000e+05 8.575049228966236115e-03 8.523049764335155487e-03
4.030470000000000000e+05 3.847331681754440069e-04 3.713860933203250170e-04
4.040000000000000000e+05 1.510596630396321416e-04 1.510596630396321416e-04
4.043040000000000000e+05 1.465718960389494896e-04 1.363476912956684828e-04
4.043040000000000000e+05 1.471368595957756042e-04 1.363476912956684828e-04
4.050000000000000000e+05 1.649297046242281795e-04 1.547530555399134755e-04
4.060000000000000000e+05 1.712454250082373619e-04 1.617264788364991546e-04
4.063050000000000000e+05 2.777089476585388184e-01 2.771884799003601074e-01
4.068900000000000000e+05 1.492622541263699532e-04 1.386482472298666835e-04
4.068900000000000000e+05 1.497726771049201488e-04 1.386482472298666835e-04
4.070000000000000000e+05 7.074910681694746017e-04 6.774615030735731125e-04
4.080000000000000000e+05 6.749568879604339600e-02 6.742341071367263794e-02
4.088910000000000000e+05 3.222754225134849548e-03 3.196146572008728981e-03
4.090000000000000000e+05 1.992026955122128129e-04 1.992026955122128129e-04
4.095910000000000000e+05 1.595190988155081868e-04 1.479927450418472290e-04
4.095910000000000000e+05 1.602997945155948400e-04 1.479927450418472290e-04
4.100000000000000000e+05 2.428316220175474882e-04 2.296759776072576642e-04
4.110000000000000000e+05 2.020413376158103347e-04 1.902275835163891315e-04
4.115920000000000000e+05 2.554427133873105049e-03 2.529914025217294693e-03
4.120000000000000000e+05 1.832470152294263244e-04 1.832470152294263244e-04
4.121770000000000000e+05 1.712418161332607269e-04 1.585676218383014202e-04
4.121770000000000000e+05 1.717983104754239321e-04 1.585676218383014202e-04
4.130000000000000000e+05 7.573443930596113205e-03 7.557580713182687759e-03
4.140000000000000000e+05 5.409211851656436920e-03 5.359455477446317673e-03
4.141780000000000000e+05 7.424755021929740906e-03 7.383845746517181396e-03
4.147970000000000000e+05 1.840400800574570894e-04 1.714632235234603286e-04
4.147970000000000000e+05 1.847234088927507401e-04 1.714632235234603286e-04
4.150000000000000000e+05 3.695709165185689926e-04 3.545752551872283220e-04
4.160000000000000000e+05 1.683106675045564771e-04 1.570109598105773330e-04
4.167980000000000000e+05 3.274906799197196960e-02 3.266282752156257629e-02
4.170000000000000000e+05 1.825458748498931527e-04 1.825458748498931527e-04
4.173460000000000000e+05 1.674880622886121273e-04 1.563700934639200568e-04
4.173460000000000000e+05 1.681596186244860291e-04 1.563700934639200568e-04
4.180000000000000000e+05 1.985852577490732074e-04 1.864196092355996370e-04
4.190000000000000000e+05 3.602924698498100042e-04 3.520661557558923960e-04
4.193470000000000000e+05 2.703229838516563177e-04 2.582638699095696211e-04
4.200000000000000000e+05 1.685293973423540592e-04 1.685293973423540592e-04
4.203430000000000000e+05 1.576915092300623655e-04 1.482158695580437779e-04
4.203430000000000000e+05 1.583912089699879289e-04 1.482158695580437779e-04
4.210000000000000000e+05 3.201017528772354126e-02 3.213200718164443970e-02
4.220000000000000000e+05 2.545795869082212448e-03 2.521807793527841568e-03
4.223440000000000000e+05 7.975284941494464874e-03 8.101030252873897552e-03
4.230000000000000000e+05 1.697071857051923871e-04 1.697071857051923871e-04
4.232730000000000000e+05 1.611124753253534436e-04 1.503175590187311172e-04
4.232730000000000000e+05 1.619195973034948111e-04 1.503175590187311172e-04
4.240000000000000000e+05 1.854882430052384734e-04 1.724786561680957675e-04
4.250000000000000000e+05 7.615312468260526657e-03 7.494379766285419464e-03
4.252740000000000000e+05 5.115055246278643608e-04 5.046629230491816998e-04
4.254220000000000000e+05 1.701864239294081926e-04 1.594021014170721173e-04
4.254220000000000000e+05 1.707291521597653627e-04 1.594021014170721173e-04
4.260000000000000000e+05 1.886748650576919317e-04 1.778969017323106527e-04
4.270000000000000000e+05 2.078051678836345673e-02 2.067689597606658936e-02
4.274230000000000000e+05 3.186979098245501518e-03 3.194697666913270950e-03
4.279900000000000000e+05 1.806983782444149256e-04 1.687353651504963636e-04
4.279900000000000000e+05 1.813459239201620221e-04 1.687353651504963636e-04
4.280000000000000000e+05 1.878326296806335449e+00 1.880680561065673828e+00
4.290000000000000000e+05 2.021811669692397118e-04 1.904038363136351109e-04
4.299910000000000000e+05 2.497188688721507788e-04 2.405685372650623322e-04
4.300000000000000000e+05 2.367555134696885943e-04 2.367555134696885943e-04
4.310000000000000000e+05 1.671450445428490639e-04 1.671450445428490639e-04
4.315130000000000000e+05 1.534213515697047114e-04 1.423811918357387185e-04
4.315130000000000000e+05 1.540498778922483325e-04 1.423811918357387185e-04
4.320000000000000000e+05 2.142127195838838816e-04 2.019327948801219463e-04
4.330000000000000000e+05 9.631534339860081673e-04 9.617669857107102871e-04
4.335140000000000000e+05 2.572700614109635353e-04 2.464868884999305010e-04
4.340000000000000000e+05 1.711089425953105092e-04 1.711089425953105092e-04
4.342490000000000000e+05 1.606213627383112907e-04 1.506299013271927834e-04
4.342490000000000000e+05 1.612088963156566024e-04 1.506299013271927834e-04
4.350000000000000000e+05 5.478817620314657688e-04 5.413955659605562687e-04
4.360000000000000000e+05 1.708201691508293152e-02 1.716402173042297363e-02
4.362500000000000000e+05 5.837429687380790710e-02 5.775554850697517395e-02
4.370000000000000000e+05 1.648902543820440769e-04 1.648902543820440769e-04
4.374950000000000000e+05 1.505046675447374582e-04 1.405231159878894687e-04
4.374950000000000000e+05 1.510108850197866559e-04 1.405231159878894687e-04
4.380000000000000000e+05 3.528172674123197794e-04 3.417274274397641420e-04
4.390000000000000000e+05 5.030120955780148506e-04 4.997094511054456234e-04
4.394960000000000000e+05 2.155881666112691164e-04 2.052791678579524159e-04
4.400000000000000000e+05 1.678281550994142890e-04 1.678281550994142890e-04
4.405850000000000000e+05 1.482199586462229490e-04 1.383966300636529922e-04
4.405850000000000000e+05 1.487181434640660882e-04 1.383966300636529922e-04
4.410000000000000000e+05 1.900092756841331720e-04 1.757039426593109965e-04
4.420000000000000000e+05 3.479599952697753906e-03 3.429948585107922554e-03
4.425860000000000000e+05 1.917299814522266388e-04 1.821900514187291265e-04
4.430000000000000000e+05 1.677122927503660321e-04 1.677122927503660321e-04
4.431510000000000000e+05 1.617785455891862512e-04 1.512110757175832987e-04
4.431510000000000000e+05 1.623385323910042644e-04 1.512110757175832987e-04
4.440000000000000000e+05 5.005666171200573444e-04 4.895406309515237808e-04
4.450000000000000000e+05 5.387885030359029770e-04 5.361777148209512234e-04
4.451520000000000000e+05 1.060725841671228409e-02 1.053582970052957535e-02
4.455550000000000000e+05 1.902922958834096789e-04 1.792602270143106580e-04
4.455550000000000000e+05 1.909142883960157633e-04 1.792602270143106580e-04
4.460000000000000000e+05 2.742632932495325804e-04 2.600173465907573700e-04
4.470000000000000000e+05 4.504605894908308983e-04 4.369596426840871572e-04
4.475560000000000000e+05 2.172643726225942373e-04 2.062172134174033999e-04
4.479730000000000000e+05 1.822443737182766199e-04 1.699227286735549569e-04
4.479730000000000000e+05 1.829638786148279905e-04 1.699227286735549569e-04
4.480000000000000000e+05 1.126176416873931885e-01 1.134795546531677246e-01
4.490000000000000000e+05 1.268975064158439636e-02 1.260696537792682648e-02
4.499740000000000000e+05 1.005936414003372192e-03 9.920414304360747337e-04
4.500000000000000000e+05 2.775245229713618755e-04 2.775245229713618755e-04
4.503090000000000000e+05 2.437829389236867428e-04 2.254452410852536559e-04
4.503090000000000000e+05 2.483683929312974215e-04 2.254452410852536559e-04
4.510000000000000000e+05 2.954123483505100012e-04 2.778295311145484447e-04
4.520000000000000000e+05 2.644577471073716879e-04 2.462502452544867992e-04
4.523100000000000000e+05 1.647633267566561699e-03 1.617853762581944466e-03
4.527470000000000000e+05 2.302798966411501169e-04 2.123275626217946410e-04
4.527470000000000000e+05 2.331066934857517481e-04 2.123275626217946410e-04
4.530000000000000000e+05 4.012160934507846832e-03 4.033672623336315155e-03
4.540000000000000000e+05 2.528912737034261227e-04 2.338211052119731903e-04
4.547480000000000000e+05 3.335135802626609802e-02 3.331394493579864502e-02
4.550000000000000000e+05 2.416170173091813922e-04 2.416170173091813922e-04
4.555240000000000000e+05 2.010533062275499105e-04 1.853058638516813517e-04
4.555240000000000000e+05 2.026654547080397606e-04 1.853058638516813517e-04
4.560000000000000000e+05 2.305612433701753616e-03 2.292523160576820374e-03
4.570000000000000000e+05 2.142891753464937210e-04 1.980772940441966057e-04
4.575250000000000000e+05 6.380667444318532944e-03 6.394194904714822769e-03
4.578660000000000000e+05 2.124868915416300297e-04 1.967404823517426848e-04
4.578660000000000000e+05 2.140013966709375381e-04 1.967404823517426848e-04
4.580000000000000000e+05 6.487398059107363224e-04 6.034792168065905571e-04
4.590000000000000000e+05 2.322801155969500542e-04 2.175851841457188129e-04
4.598670000000000000e+05 5.096240201964974403e-04 4.973779432475566864e-04
4.600000000000000000e+05 2.279800974065437913e-04 2.279800974065437913e-04
4.610000000000000000e+05 1.760359591571614146e-04 1.760359591571614146e-04
4.610640000000000000e+05 1.747123460518196225e-04 1.620945113245397806e-04
4.610640000000000000e+05 1.755315461196005344e-04 1.620945113245397806e-04
4.620000000000000000e+05 2.082268183585256338e-04 1.928029378177598119e-04
4.630000000000000000e+05 2.012055483646690845e-04 1.868899125838652253e-04
4.630650000000000000e+05 9.288793429732322693e-03 9.323748759925365448e-03
4.640000000000000000e+05 1.774008560460060835e-04 1.774008560460060835e-04
4.641770000000000000e+05 1.729582581901922822e-04 1.596861256984993815e-04
4.641770000000000000e+05 1.738435385050252080e-04 1.596861256984993815e-04
4.650000000000000000e+05 7.631792686879634857e-04 7.539413636550307274e-04
4.660000000000000000e+05 4.569810256361961365e-02 4.551042243838310242e-02
4.661780000000000000e+05 2.069222537102177739e-04 1.945864059962332249e-04
4.662010000000000000e+05 2.069200563710182905e-04 1.945857948157936335e-04
4.662010000000000000e+05 2.076882083201780915e-04 1.945857948157936335e-04
4.670000000000000000e+05 1.861104829004034400e-04 1.716189872240647674e-04
4.680000000000000000e+05 1.993426994886249304e-04 1.866078673629090190e-04
4.682020000000000000e+05 4.391542449593544006e-02 4.362441971898078918e-02
4.685830000000000000e+05 1.946638367371633649e-04 1.819787139538675547e-04
4.685830000000000000e+05 1.954112231032922864e-04 1.819787139538675547e-04
4.690000000000000000e+05 2.351882576476782560e-04 2.201565948780626059e-04
4.700000000000000000e+05 6.907000672072172165e-03 6.862501148134469986e-03
4.705840000000000000e+05 4.472546745091676712e-03 4.441709723323583603e-03
4.710000000000000000e+05 2.044043358182534575e-04 2.044043358182534575e-04
4.710510000000000000e+05 2.025627763941884041e-04 1.898985938169062138e-04
4.710510000000000000e+05 2.032012562267482281e-04 1.898985938169062138e-04
4.720000000000000000e+05 4.659081751015037298e-04 4.491225408855825663e-04
4.730000000000000000e+05 2.353167074033990502e-04 2.216897555626928806e-04
4.730520000000000000e+05 2.273685822729021311e-04 2.138853888027369976e-04
4.731830000000000000e+05 2.196451678173616529e-04 2.058440586552023888e-04
4.731830000000000000e+05 2.204320044256746769e-04 2.058440586552023888e-04
4.740000000000000000e+05 2.653549599926918745e-04 2.489789330866187811e-04
4.750000000000000000e+05 2.643180487211793661e-04 2.480469120200723410e-04
4.751840000000000000e+05 1.028724364005029202e-03 1.018775976262986660e-03
4.758840000000000000e+05 2.013269986491650343e-04 1.874246372608467937e-04
4.758840000000000000e+05 2.019416715484112501e-04 1.874246372608467937e-04
4.760000000000000000e+05 6.584498914889991283e-04 6.208723061718046665e-04
4.770000000000000000e+05 7.818334735929965973e-03 7.749401498585939407e-03
4.778850000000000000e+05 3.770769760012626648e-02 3.728380426764488220e-02
4.780000000000000000e+05 2.542556612752377987e-04 2.542556612752377987e-04
4.788980000000000000e+05 1.889833802124485373e-04 1.770068338373675942e-04
4.788980000000000000e+05 1.895825553219765425e-04 1.770068338373675942e-04
4.790000000000000000e+05 1.082945265807211399e-03 1.068199751898646355e-03
4.800000000000000000e+05 7.464065565727651119e-04 7.374500855803489685e-04
4.808990000000000000e+05 7.882282137870788574e-03 7.723248098045587540e-03
4.810000000000000000e+05 2.250609104521572590e-04 2.250609104521572590e-04
4.815960000000000000e+05 1.911933504743501544e-04 1.782690524123609066e-04
4.815960000000000000e+05 1.918362977448850870e-04 1.782690524123609066e-04
4.820000000000000000e+05 2.863127447199076414e-04 2.553389349486678839e-04
4.830000000000000000e+05 1.681657042354345322e-03 1.662387629039585590e-03
4.835970000000000000e+05 5.247863754630088806e-02 5.245537683367729187e-02
4.840000000000000000e+05 2.012584009207785130e-04 2.012584009207785130e-04
4.841230000000000000e+05 1.950283476617187262e-04 1.819045428419485688e-04
4.841230000000000000e+05 1.955837651621550322e-04 1.819045428419485688e-04
4.850000000000000000e+05 2.082568826153874397e-04 1.910231658257544041e-04
4.860000000000000000e+05 2.215081331087276340e-04 2.098068944178521633e-04
4.861240000000000000e+05 1.614028215408325195e-01 1.594350785017013550e-01
4.865460000000000000e+05 2.047698653768748045e-04 1.926853874465450644e-04
4.865460000000000000e+05 2.054054784821346402e-04 1.926853874465450644e-04
4.870000000000000000e+05 3.285650163888931274e-04 3.108698583673685789e-04
4.880000000000000000e+05 2.286573726451024413e-04 2.149698120774701238e-04
4.885470000000000000e+05 2.297447354067116976e-04 2.159938012482598424e-04
4.885710000000000000e+05 2.297023165738210082e-04 2.159960858989506960e-04
4.885710000000000000e+05 2.303243381902575493e-04 2.159960858989506960e-04
4.890000000000000000e+05 4.392097471281886101e-04 4.263567097950726748e-04
4.900000000000000000e+05 8.794698119163513184e-02 8.703506737947463989e-02
4.905720000000000000e+05 1.478782389312982559e-03 1.450699404813349247e-03
4.910000000000000000e+05 2.061952254734933376e-04 2.061952254734933376e-04
4.915290000000000000e+05 1.824850623961538076e-04 1.700396096566691995e-04
4.915290000000000000e+05 1.831227273214608431e-04 1.700396096566691995e-04
4.920000000000000000e+05 2.186970523325726390e-04 2.024422719841822982e-04
4.930000000000000000e+05 6.809662445448338985e-04 6.716616335324943066e-04
4.935300000000000000e+05 5.430514365434646606e-02 5.413723364472389221e-02
4.937810000000000000e+05 2.062325656879693270e-04 1.929556310642510653e-04
4.937810000000000000e+05 2.067544264718890190e-04 1.929556310642510653e-04
4.940000000000000000e+05 3.996038285549730062e-04 3.817179531324654818e-04
4.950000000000000000e+05 2.684135106392204762e-04 2.551644865889102221e-04
4.957820000000000000e+05 3.004944010172039270e-04 2.868630108423531055e-04
4.960000000000000000e+05 2.305784146301448345e-04 2.305784146301448345e-04
4.962380000000000000e+05 2.135725953849032521e-04 1.993098267121240497e-04
4.962380000000000000e+05 2.142320881830528378e-04 1.993098267121240497e-04
4.970000000000000000e+05 2.073831710731610656e-04 1.922400988405570388e-04
4.980000000000000000e+05 5.334563902579247952e-04 5.083131254650652409e-04
4.982390000000000000e+05 2.245126088382676244e-04 2.092780487146228552e-04
4.987540000000000000e+05 1.956784399226307869e-04 1.819506869651377201e-04
4.987540000000000000e+05 1.961900998139753938e-04 1.819506869651377201e-04
4.990000000000000000e+05 4.332534736022353172e-04 4.107998975086957216e-04
5.000000000000000000e+05 1.684566144831478596e-03 1.681934227235615253e-03
5.007550000000000000e+05 2.363362116739153862e-03 2.331580733880400658e-03
5.010000000000000000e+05 2.205155615229159594e-04 2.205155615229159594e-04
5.016090000000000000e+05 1.878123875940218568e-04 1.741385931381955743e-04
5.016090000000000000e+05 1.883814984466880560e-04 1.741385931381955743e-04
5.020000000000000000e+05 2.459095849189907312e-04 2.313061559107154608e-04
5.030000000000000000e+05 1.957894273800775409e-04 1.812326663639396429e-04
5.036100000000000000e+05 2.869483723770827055e-04 2.736292954068630934e-04
5.040000000000000000e+05 1.923568197526037693e-04 1.923568197526037693e-04
5.040250000000000000e+05 1.914228778332471848e-04 1.771805400494486094e-04
5.040250000000000000e+05 1.920682698255404830e-04 1.771805400494486094e-04
5.050000000000000000e+05 1.998702209675684571e-04 1.848972169682383537e-04
5.060000000000000000e+05 3.062398731708526611e-02 3.047215193510055542e-02
5.060260000000000000e+05 1.712961122393608093e-03 1.718679908663034439e-03
5.066320000000000000e+05 1.940766524057835340e-04 1.790314563550055027e-04
5.066320000000000000e+05 1.946851407410576940e-04 1.790314563550055027e-04
5.070000000000000000e+05 2.261648187413811684e-04 2.087834873236715794e-04
5.080000000000000000e+05 1.873543515102937818e-04 1.724346511764451861e-04
5.086330000000000000e+05 1.336236856877803802e-02 1.332294568419456482e-02
5.090000000000000000e+05 1.923310046549886465e-04 1.923310046549886465e-04
5.092060000000000000e+05 1.858337491285055876e-04 1.713091041892766953e-04
5.092060000000000000e+05 1.864554651547223330e-04 1.713091041892766953e-04
5.100000000000000000e+05 2.094869705615565181e-04 1.921700895763933659e-04
5.110000000000000000e+05 2.070187620120123029e-04 1.916119217639788985e-04
5.112070000000000000e+05 2.213780971942469478e-04 2.055452496279031038e-04
5.112420000000000000e+05 2.211813698522746563e-04 2.055125660263001919e-04
5.112420000000000000e+05 2.218074369011446834e-04 2.055125660263001919e-04
5.120000000000000000e+05 1.366026233881711960e-03 1.343175419606268406e-03
5.130000000000000000e+05 1.061560353264212608e-03 1.055159606039524078e-03
5.132430000000000000e+05 6.223449483513832092e-03 6.102674175053834915e-03
5.140000000000000000e+05 1.984974660445004702e-04 1.984974660445004702e-04
5.144190000000000000e+05 1.832918787840753794e-04 1.697215775493532419e-04
5.144190000000000000e+05 1.839548058342188597e-04 1.697215775493532419e-04
5.150000000000000000e+05 2.015350910369306803e-04 1.836759329307824373e-04
5.160000000000000000e+05 2.378792501986026764e-03 2.347440458834171295e-03
5.164200000000000000e+05 2.435165952192619443e-04 2.298222971148788929e-04
5.170000000000000000e+05 1.768094080034643412e-04 1.768094080034643412e-04
5.170640000000000000e+05 1.752788666635751724e-04 1.612224295968189836e-04
5.170640000000000000e+05 1.758103462634608150e-04 1.612224295968189836e-04
5.180000000000000000e+05 1.980583328986540437e-04 1.827435626182705164e-04
5.190000000000000000e+05 2.076558448607102036e-04 1.925248652696609497e-04
5.190650000000000000e+05 2.010785101447254419e-04 1.862896751845255494e-04
5.190930000000000000e+05 2.007125440286472440e-04 1.860644115367904305e-04
5.190930000000000000e+05 2.012499899137765169e-04 1.860644115367904305e-04
5.200000000000000000e+05 2.061238919850438833e-04 1.899876660900190473e-04
5.210000000000000000e+05 2.050147013505920768e-04 1.898783521028235555e-04
5.210940000000000000e+05 3.759878163691610098e-04 3.610536223277449608e-04
5.212150000000000000e+05 2.174671681132167578e-04 2.023468550760298967e-04
5.212150000000000000e+05 2.180800074711441994e-04 2.023468550760298967e-04
5.220000000000000000e+05 2.333619922865182161e-04 2.167032798752188683e-04
5.230000000000000000e+05 2.548692573327571154e-04 2.382715028943493962e-04
5.232160000000000000e+05 2.822930400725454092e-04 2.661651233211159706e-04
5.233530000000000000e+05 2.402088430244475603e-04 2.241549227619543672e-04
5.233530000000000000e+05 2.409650478512048721e-04 2.241549227619543672e-04
5.240000000000000000e+05 2.437597431708127260e-04 2.238927700091153383e-04
5.250000000000000000e+05 3.960535104852169752e-04 3.741390537470579147e-04
5.253540000000000000e+05 2.332786098122596741e-04 2.164178877137601376e-04
5.253740000000000000e+05 2.332650037715211511e-04 2.163917815778404474e-04
5.253740000000000000e+05 2.338534977752715349e-04 2.163917815778404474e-04
5.260000000000000000e+05 2.505664888303726912e-04 2.294981240993365645e-04
5.270000000000000000e+05 2.285041409777477384e-04 2.118802949553355575e-04
5.273750000000000000e+05 3.383789153303951025e-04 3.220424114260822535e-04
5.279480000000000000e+05 2.114646194968372583e-04 1.955625048140063882e-04
5.279480000000000000e+05 2.120783465215936303e-04 1.955625048140063882e-04
5.280000000000000000e+05 2.731311507523059845e-02 2.726494707167148590e-02
5.290000000000000000e+05 2.027411392191424966e-04 1.857253373600542545e-04
5.299490000000000000e+05 2.126102335751056671e-04 1.958798384293913841e-04
5.300000000000000000e+05 2.112455258611589670e-04 2.112455258611589670e-04
5.300000000000000000e+05 2.112455258611589670e-04 1.951397862285375595e-04
5.300000000000000000e+05 2.118877309840172529e-04 1.951397862285375595e-04
5.310000000000000000e+05 2.077522949548438191e-04 1.918142952490597963e-04
5.320000000000000000e+05 3.262584796175360680e-04 3.101717156823724508e-04
5.320010000000000000e+05 2.678776509128510952e-04 2.522412105463445187e-04
5.328360000000000000e+05 1.920814538607373834e-04 1.774090342223644257e-04
5.328360000000000000e+05 1.926132390508428216e-04 1.774090342223644257e-04
5.330000000000000000e+05 1.751701533794403076e-02 1.783607900142669678e-02
5.340000000000000000e+05 2.058837271761149168e-04 1.893404260044917464e-04
5.348370000000000000e+05 2.287651732331141829e-04 2.113871596520766616e-04
5.350000000000000000e+05 2.149282518075779080e-04 2.149282518075779080e-04
5.357190000000000000e+05 1.848388055805116892e-04 1.698720006970688701e-04
5.357190000000000000e+05 1.853678550105541945e-04 1.698720006970688701e-04
5.360000000000000000e+05 2.838626678567379713e-04 2.648496592883020639e-04
5.370000000000000000e+05 5.493278428912162781e-02 5.418692529201507568e-02
5.377200000000000000e+05 7.549393922090530396e-04 7.367328507825732231e-04
5.380000000000000000e+05 1.946824486367404461e-04 1.946824486367404461e-04
5.381850000000000000e+05 1.866233506007120013e-04 1.707302435534074903e-04
5.381850000000000000e+05 1.872556022135540843e-04 1.707302435534074903e-04
5.390000000000000000e+05 1.942140370374545455e-04 1.772828109096735716e-04
5.400000000000000000e+05 3.184930246789008379e-04 3.053107066079974174e-04
5.401860000000000000e+05 5.912683159112930298e-02 5.840276926755905151e-02
5.406530000000000000e+05 1.906905235955491662e-04 1.758837752277031541e-04
5.406530000000000000e+05 1.911962754093110561e-04 1.758837752277031541e-04
5.410000000000000000e+05 2.839375229086726904e-04 2.684897917788475752e-04
5.420000000000000000e+05 2.133623638655990362e-04 1.969824952539056540e-04
5.426540000000000000e+05 1.635964610613882542e-03 1.620370196178555489e-03
5.430000000000000000e+05 2.272033452754840255e-04 2.272033452754840255e-04
5.439830000000000000e+05 1.797160657588392496e-04 1.645972661208361387e-04
5.439830000000000000e+05 1.803147752070799470e-04 1.645972661208361387e-04
5.440000000000000000e+05 3.500724434852600098e-01 3.483463525772094727e-01
5.450000000000000000e+05 1.798482553567737341e-04 1.641942362766712904e-04
5.459840000000000000e+05 1.321341027505695820e-03 1.302474760450422764e-03
5.460000000000000000e+05 2.089934278046712279e-04 2.089934278046712279e-04
5.467380000000000000e+05 1.734892721287906170e-04 1.590950705576688051e-04
5.467380000000000000e+05 1.739919971441850066e-04 1.590950705576688051e-04
5.470000000000000000e+05 2.957514661829918623e-04 2.758243936114013195e-04
5.480000000000000000e+05 2.014543715631589293e-04 1.858774485299363732e-04
5.487390000000000000e+05 9.579271427355706692e-04 9.326888248324394226e-04
5.490000000000000000e+05 1.970507000805810094e-04 1.970507000805810094e-04
5.494240000000000000e+05 1.772713294485583901e-04 1.633459614822641015e-04
5.494240000000000000e+05 1.777830912033095956e-04 1.633459614822641015e-04
5.500000000000000000e+05 2.062529674731194973e-04 1.874663139460608363e-04
5.510000000000000000e+05 1.926905970321968198e-04 1.767679932527244091e-04
5.514250000000000000e+05 2.094547526212409139e-04 1.936218468472361565e-04
5.520000000000000000e+05 1.821459591155871749e-04 1.821459591155871749e-04
5.524980000000000000e+05 1.691117213340476155e-04 1.548488216940313578e-04
5.524980000000000000e+05 1.695341343292966485e-04 1.548488216940313578e-04
5.530000000000000000e+05 1.930116559378802776e-04 1.770069211488589644e-04
5.540000000000000000e+05 1.537884003482758999e-03 1.511057955212891102e-03
5.544990000000000000e+05 4.405359923839569092e-02 4.353300109505653381e-02
5.549830000000000000e+05 1.772155083017423749e-04 1.615934015717357397e-04
5.549830000000000000e+05 1.777631841832771897e-04 1.615934015717357397e-04
5.550000000000000000e+05 4.032616615295410156e-01 3.849936127662658691e-01
5.560000000000000000e+05 3.375366097316145897e-03 3.360405331477522850e-03
5.569840000000000000e+05 1.507695880718529224e-03 1.496446318924427032e-03
5.570000000000000000e+05 2.980358258355408907e-04 2.980358258355408907e-04
5.576790000000000000e+05 1.862496574176475406e-04 1.705487229628488421e-04
5.576790000000000000e+05 1.868814870249480009e-04 1.705487229628488421e-04
5.580000000000000000e+05 2.289592957822605968e-04 2.074511139653623104e-04
5.590000000000000000e+05 2.202180039603263140e-04 2.058286918327212334e-04
5.596800000000000000e+05 3.549711406230926514e-02 3.514798358082771301e-02
5.600000000000000000e+05 1.965444535017013550e-04 1.965444535017013550e-04
5.600490000000000000e+05 1.956084306584671140e-04 1.802367041818797588e-04
5.600490000000000000e+05 1.962049427675083280e-04 1.802367041818797588e-04
5.610000000000000000e+05 1.047135214321315289e-03 1.026956946589052677e-03
5.620000000000000000e+05 2.013165067182853818e-04 1.853438006946817040e-04
5.620500000000000000e+05 5.961146578192710876e-02 6.016242131590843201e-02
5.625130000000000000e+05 1.965975970961153507e-04 1.812014816096052527e-04
5.625130000000000000e+05 1.971734454855322838e-04 1.812014816096052527e-04
5.630000000000000000e+05 2.256518346257507801e-04 2.090200869133695960e-04
5.640000000000000000e+05 2.139348071068525314e-04 1.978394429897889495e-04
5.645140000000000000e+05 2.102170547004789114e-04 1.945999392773956060e-04
5.645750000000000000e+05 2.031809854088351130e-04 1.884279045043513179e-04
5.645750000000000000e+05 2.037214435404166579e-04 1.884279045043513179e-04
5.650000000000000000e+05 2.074271673336625099e-03 2.066015498712658882e-03
5.660000000000000000e+05 2.213133266195654869e-04 2.061136183328926563e-04
5.665760000000000000e+05 2.360579528613016009e-04 2.205362252425402403e-04
5.670000000000000000e+05 2.048236929113045335e-04 2.048236929113045335e-04
5.680000000000000000e+05 1.685944152995944023e-04 1.685944152995944023e-04
5.684730000000000000e+05 1.588875165907666087e-04 1.466619869461283088e-04
5.684730000000000000e+05 1.594402128830552101e-04 1.466619869461283088e-04
5.690000000000000000e+05 2.177453570766374469e-04 2.006123540922999382e-04
5.700000000000000000e+05 7.889078697189688683e-04 7.589657907374203205e-04
5.704740000000000000e+05 4.818853456526994705e-03 4.724616184830665588e-03
5.705980000000000000e+05 1.828396489145234227e-04 1.675409730523824692e-04
5.705980000000000000e+05 1.832784037105739117e-04 1.675409730523824692e-04
5.710000000000000000e+05 2.239261229988187551e-04 2.056894736597314477e-04
5.720000000000000000e+05 2.049271715804934502e-04 1.898849732242524624e-04
5.725990000000000000e+05 2.331148134544491768e-03 2.298089442774653435e-03
5.730000000000000000e+05 1.874837616924196482e-04 1.874837616924196482e-04
5.731030000000000000e+05 1.826554216677322984e-04 1.662524737184867263e-04
5.731030000000000000e+05 1.831263070926070213e-04 1.662524737184867263e-04
5.740000000000000000e+05 5.404708907008171082e-03 5.342783406376838684e-03
5.750000000000000000e+05 1.187680289149284363e-02 1.202277559787034988e-02
5.751040000000000000e+05 1.238121315836906433e-01 1.230100616812705994e-01
5.753880000000000000e+05 1.963810354936867952e-04 1.788424851838499308e-04
5.753880000000000000e+05 1.968460128409788013e-04 1.788424851838499308e-04
5.760000000000000000e+05 8.403088152408599854e-02 8.492914587259292603e-02
5.770000000000000000e+05 2.679829776752740145e-04 2.462942211423069239e-04
5.773890000000000000e+05 2.691141562536358833e-04 2.542727161198854446e-04
5.780000000000000000e+05 1.824896753532811999e-04 1.824896753532811999e-04
5.784250000000000000e+05 1.705391914583742619e-04 1.548815198475494981e-04
5.784250000000000000e+05 1.709749922156333923e-04 1.548815198475494981e-04
5.790000000000000000e+05 1.825922372518107295e-04 1.648076140554621816e-04
5.800000000000000000e+05 8.350902935490012169e-04 8.241074974648654461e-04
5.804260000000000000e+05 7.358829025179147720e-03 7.290843408554792404e-03
5.808320000000000000e+05 1.811335823731496930e-04 1.646065502427518368e-04
5.808320000000000000e+05 1.816380099626258016e-04 1.646065502427518368e-04
5.810000000000000000e+05 3.227347042411565781e-04 2.920206461567431688e-04
5.820000000000000000e+05 2.133148722350597382e-02 2.153477631509304047e-02
5.828330000000000000e+05 1.734681311063468456e-03 1.739450264722108841e-03
5.829630000000000000e+05 2.067777822958305478e-04 1.886942045530304313e-04
5.829630000000000000e+05 2.074319054372608662e-04 1.886942045530304313e-04
5.830000000000000000e+05 5.090214684605598450e-02 5.209700390696525574e-02
5.840000000000000000e+05 2.092302893288433552e-04 1.922868832480162382e-04
5.849640000000000000e+05 4.755966737866401672e-02 4.731297492980957031e-02
5.850000000000000000e+05 2.476277877576649189e-04 2.476277877576649189e-04
5.854280000000000000e+05 1.977288484340533614e-04 1.804589992389082909e-04
5.854280000000000000e+05 1.981713576242327690e-04 1.804589992389082909e-04
5.860000000000000000e+05 9.882776066660881042e-04 9.718469227664172649e-04
5.870000000000000000e+05 2.943821600638329983e-04 2.789361751638352871e-04
5.874290000000000000e+05 8.718231110833585262e-04 8.619571453891694546e-04
5.880000000000000000e+05 1.858735922724008560e-04 1.858735922724008560e-04
5.882130000000000000e+05 1.786916545825079083e-04 1.629603211767971516e-04
5.882130000000000000e+05 1.791973336366936564e-04 1.629603211767971516e-04
5.890000000000000000e+05 1.843632198870182037e-04 1.665679155848920345e-04
5.900000000000000000e+05 1.798886660253629088e-04 1.638343819649890065e-04
5.902140000000000000e+05 1.848270476330071688e-04 1.686407777015119791e-04
5.902300000000000000e+05 1.848245738074183464e-04 1.686503383098170161e-04
5.902300000000000000e+05 1.852173591032624245e-04 1.686503383098170161e-04
5.910000000000000000e+05 1.812023838283494115e-04 1.665810996200889349e-04
5.920000000000000000e+05 3.962127864360809326e-02 3.949052095413208008e-02
5.922310000000000000e+05 1.780622289516031742e-03 1.784265041351318359e-03
5.927040000000000000e+05 1.791515387594699860e-04 1.625665754545480013e-04
5.927040000000000000e+05 1.795889402274042368e-04 1.625665754545480013e-04
5.930000000000000000e+05 2.435511269140988588e-04 2.234016574220731854e-04
5.940000000000000000e+05 1.642602030187845230e-03 1.593662425875663757e-03
5.947050000000000000e+05 4.289555549621582031e-02 4.220379889011383057e-02
5.950000000000000000e+05 2.076095406664535403e-04 2.076095406664535403e-04
5.955850000000000000e+05 1.765347114996984601e-04 1.613542845007032156e-04
5.955850000000000000e+05 1.769752852851524949e-04 1.613542845007032156e-04
5.960000000000000000e+05 2.141796721844002604e-04 1.958330249181017280e-04
5.970000000000000000e+05 1.752655807649716735e-04 1.597118243807926774e-04
5.975860000000000000e+05 1.822187477955594659e-04 1.668151235207915306e-04
5.976140000000000000e+05 1.822088233893737197e-04 1.668208133196458220e-04
5.976140000000000000e+05 1.826013030949980021e-04 1.668208133196458220e-04
5.980000000000000000e+05 2.229553792858496308e-04 2.005935530178248882e-04
5.990000000000000000e+05 1.217811251990497112e-03 1.202276675030589104e-03
5.996150000000000000e+05 2.101111895171925426e-04 1.926610275404527783e-04
6.000000000000000000e+05 1.764855696819722652e-04 1.764855696819722652e-04
6.003140000000000000e+05 1.680436398601159453e-04 1.533996401121839881e-04
6.003140000000000000e+05 1.684080780250951648e-04 1.533996401121839881e-04
6.010000000000000000e+05 1.793892151908949018e-04 1.633791689528152347e-04
6.020000000000000000e+05 6.046259030699729919e-02 6.034950166940689087e-02
6.023150000000000000e+05 5.933309905230998993e-03 6.038181018084287643e-03
6.028130000000000000e+05 1.779596059350296855e-04 1.617551752133294940e-04
6.028130000000000000e+05 1.784628548193722963e-04 1.617551752133294940e-04
6.030000000000000000e+05 3.693937323987483978e-04 3.454027464613318443e-04
6.040000000000000000e+05 9.395408560521900654e-04 9.035958210006356239e-04
6.048140000000000000e+05 6.983637064695358276e-02 6.839726120233535767e-02
6.050000000000000000e+05 2.081783750327304006e-04 2.081783750327304006e-04
6.051980000000000000e+05 1.881329808384180069e-04 1.713404053589329123e-04
