# step, loss_train, loss_test, metrics_test
0.000000000000000000e+00 9.561568359375000000e+03 9.561568359375000000e+03
1.000000000000000000e+03 3.082391601562500000e+03 3.082391601562500000e+03
2.000000000000000000e+03 1.489711791992187500e+03 1.489711791992187500e+03
3.000000000000000000e+03 9.019992065429687500e+02 9.019992065429687500e+02
4.000000000000000000e+03 5.464878540039062500e+02 5.464878540039062500e+02
5.000000000000000000e+03 3.093824768066406250e+02 3.093824768066406250e+02
6.000000000000000000e+03 1.616911163330078125e+02 1.616911163330078125e+02
7.000000000000000000e+03 7.844155883789062500e+01 7.844155883789062500e+01
8.000000000000000000e+03 3.575941848754882812e+01 3.575941848754882812e+01
9.000000000000000000e+03 1.388021564483642578e+01 1.388021564483642578e+01
1.000000000000000000e+04 4.747197151184082031e+00 4.747197151184082031e+00
1.100000000000000000e+04 1.523921489715576172e+00 1.523921489715576172e+00
1.200000000000000000e+04 5.922661423683166504e-01 5.922661423683166504e-01
1.300000000000000000e+04 5.840160250663757324e-01 5.840160250663757324e-01
1.400000000000000000e+04 8.213201910257339478e-02 8.213201910257339478e-02
1.500000000000000000e+04 3.818784654140472412e-02 3.818784654140472412e-02
1.500000000000000000e+04 3.818784654140472412e-02 3.818784654140472412e-02
1.600000000000000000e+04 5.762045271694660187e-03 5.762045271694660187e-03
1.700000000000000000e+04 2.298703184351325035e-03 2.298703184351325035e-03
1.800000000000000000e+04 1.417316612787544727e-03 1.417316612787544727e-03
1.900000000000000000e+04 8.643063483759760857e-04 8.643063483759760857e-04
2.000000000000000000e+04 6.383181316778063774e-04 6.383181316778063774e-04
2.100000000000000000e+04 4.287612682674080133e-04 4.287612682674080133e-04
2.154000000000000000e+04 3.953492850996553898e-04 3.953492850996553898e-04
2.154000000000000000e+04 4.668240144383162260e-04 3.953492850996553898e-04
2.200000000000000000e+04 1.740191015414893627e-03 1.690342323854565620e-03
2.300000000000000000e+04 1.169151277281343937e-03 1.125502167269587517e-03
2.354100000000000000e+04 1.721428357996046543e-03 1.681019202806055546e-03
2.400000000000000000e+04 6.449341308325529099e-04 6.449341308325529099e-04
2.438800000000000000e+04 4.814633575733751059e-04 4.523042007349431515e-04
2.438800000000000000e+04 5.192564567551016808e-04 4.523042007349431515e-04
2.500000000000000000e+04 7.741298759356141090e-04 7.013715803623199463e-04
2.600000000000000000e+04 2.561135217547416687e-03 2.517418004572391510e-03
2.638900000000000000e+04 1.307495986111462116e-03 1.263435115106403828e-03
2.700000000000000000e+04 5.858399672433733940e-04 5.858399672433733940e-04
2.769000000000000000e+04 4.054543096572160721e-04 3.715374332387000322e-04
2.769000000000000000e+04 4.318465071264654398e-04 3.715374332387000322e-04
2.800000000000000000e+04 1.844514743424952030e-03 1.786408480256795883e-03
2.900000000000000000e+04 7.119654910638928413e-04 6.708656437695026398e-04
2.969100000000000000e+04 9.167814278043806553e-04 8.777692564763128757e-04
3.000000000000000000e+04 5.754382000304758549e-04 5.754382000304758549e-04
3.012100000000000000e+04 5.282950005494058132e-04 4.936507320962846279e-04
3.012100000000000000e+04 5.463088746182620525e-04 4.936507320962846279e-04
3.100000000000000000e+04 7.636496447958052158e-04 7.147759897634387016e-04
3.200000000000000000e+04 1.081739785149693489e-03 1.041393494233489037e-03
3.212200000000000000e+04 1.418171101249754429e-03 1.376032247208058834e-03
3.300000000000000000e+04 4.311543889343738556e-04 4.311543889343738556e-04
3.340100000000000000e+04 3.588886756915599108e-04 3.387315373402088881e-04
3.340100000000000000e+04 3.691705933306366205e-04 3.387315373402088881e-04
3.400000000000000000e+04 8.487433660775423050e-04 8.023472619242966175e-04
3.500000000000000000e+04 4.532002203632146120e-04 4.254580417182296515e-04
3.540200000000000000e+04 1.639332273043692112e-03 1.614860724657773972e-03
3.600000000000000000e+04 4.018801555503159761e-04 4.018801555503159761e-04
3.604300000000000000e+04 3.916346176993101835e-04 3.675546031445264816e-04
3.604300000000000000e+04 4.028925322927534580e-04 3.675546031445264816e-04
3.700000000000000000e+04 1.871133572421967983e-03 1.837911433540284634e-03
3.800000000000000000e+04 8.200290030799806118e-04 7.831382681615650654e-04
3.804400000000000000e+04 7.871440611779689789e-04 7.507678237743675709e-04
3.878700000000000000e+04 4.015787853859364986e-04 3.726047289092093706e-04
3.878700000000000000e+04 4.098212230019271374e-04 3.726047289092093706e-04
3.900000000000000000e+04 4.302551969885826111e-03 4.258398432284593582e-03
4.000000000000000000e+04 5.053663626313209534e-04 4.707612970378249884e-04
4.078800000000000000e+04 3.214077278971672058e-02 3.214669600129127502e-02
4.100000000000000000e+04 6.816967506892979145e-04 6.816967506892979145e-04
4.150900000000000000e+04 4.156733630225062370e-04 3.830528294201940298e-04
4.150900000000000000e+04 4.253141814842820168e-04 3.830528294201940298e-04
4.200000000000000000e+04 6.588769610971212387e-04 6.331574986688792706e-04
4.300000000000000000e+04 9.377647074870765209e-04 9.086248464882373810e-04
4.351000000000000000e+04 3.686048462986946106e-02 3.688305988907814026e-02
4.400000000000000000e+04 5.913226632401347160e-04 5.913226632401347160e-04
4.500000000000000000e+04 2.934276126325130463e-04 2.934276126325130463e-04
4.511700000000000000e+04 2.793228195514529943e-04 2.689200628083199263e-04
4.511700000000000000e+04 2.864862326532602310e-04 2.689200628083199263e-04
4.600000000000000000e+04 4.305899201426655054e-04 4.109894507564604282e-04
4.700000000000000000e+04 5.961454589851200581e-04 5.763826193287968636e-04
4.711800000000000000e+04 4.551296588033437729e-04 4.353342519607394934e-04
4.766900000000000000e+04 3.141697670798748732e-04 2.959631092380732298e-04
4.766900000000000000e+04 3.202417865395545959e-04 2.959631092380732298e-04
4.800000000000000000e+04 1.585522433742880821e-03 1.565363723784685135e-03
4.900000000000000000e+04 9.367695311084389687e-04 9.203632362186908722e-04
4.967000000000000000e+04 7.582899415865540504e-04 7.394819403998553753e-04
5.000000000000000000e+04 5.204651388339698315e-04 5.204651388339698315e-04
5.081700000000000000e+04 3.035904665011912584e-04 2.846096758730709553e-04
5.081700000000000000e+04 3.096800355706363916e-04 2.846096758730709553e-04
5.100000000000000000e+04 2.750327344983816147e-03 2.734767505899071693e-03
5.200000000000000000e+04 5.101339193060994148e-04 4.941956140100955963e-04
5.281800000000000000e+04 1.745385699905455112e-03 1.733890967443585396e-03
5.300000000000000000e+04 5.677971057593822479e-04 5.677971057593822479e-04
5.371100000000000000e+04 3.265539999119937420e-04 3.092695551458746195e-04
5.371100000000000000e+04 3.313063934911042452e-04 3.092695551458746195e-04
5.400000000000000000e+04 7.473575533367693424e-04 7.211598567664623260e-04
5.500000000000000000e+04 2.870026789605617523e-02 2.871697396039962769e-02
5.571200000000000000e+04 2.057048119604587555e-02 2.059372700750827789e-02
5.600000000000000000e+04 5.062661948613822460e-04 5.062661948613822460e-04
5.689800000000000000e+04 2.987535262946039438e-04 2.815475454553961754e-04
5.689800000000000000e+04 3.051858220715075731e-04 2.815475454553961754e-04
5.700000000000000000e+04 2.366821980103850365e-03 2.303835470229387283e-03
5.800000000000000000e+04 2.882703673094511032e-03 2.872665412724018097e-03
5.889900000000000000e+04 6.205398822203278542e-04 6.052084499970078468e-04
5.900000000000000000e+04 5.448276060633361340e-04 5.448276060633361340e-04
5.959400000000000000e+04 3.618378250394016504e-04 3.464568872004747391e-04
5.959400000000000000e+04 3.654388419818133116e-04 3.464568872004747391e-04
6.000000000000000000e+04 4.696615797001868486e-04 4.528988793026655912e-04
6.100000000000000000e+04 1.474257674999535084e-03 1.454963115975260735e-03
6.159500000000000000e+04 1.195253920741379261e-03 1.180686987936496735e-03
6.200000000000000000e+04 4.920063656754791737e-04 4.920063656754791737e-04
6.226800000000000000e+04 4.191626794636249542e-04 4.023450601380318403e-04
6.226800000000000000e+04 4.237216780893504620e-04 4.023450601380318403e-04
6.300000000000000000e+04 4.968721186742186546e-04 4.782059986609965563e-04
6.400000000000000000e+04 8.224876946769654751e-04 8.073896751739084721e-04
6.426900000000000000e+04 6.788650644011795521e-04 6.613108562305569649e-04
6.500000000000000000e+04 4.201671981718391180e-04 4.201671981718391180e-04
6.600000000000000000e+04 2.859257510863244534e-04 2.859257510863244534e-04
6.700000000000000000e+04 2.078749967040494084e-04 2.078749967040494084e-04
6.783600000000000000e+04 1.728317001834511757e-04 1.625140575924888253e-04
6.783600000000000000e+04 1.766043569659814239e-04 1.625140575924888253e-04
6.800000000000000000e+04 2.189350780099630356e-03 2.182165626436471939e-03
6.900000000000000000e+04 1.856250746641308069e-04 1.742507593007758260e-04
6.983700000000000000e+04 3.359429247211664915e-04 3.241733356844633818e-04
7.000000000000000000e+04 2.519270055927336216e-04 2.519270055927336216e-04
7.053600000000000000e+04 1.846803788794204593e-04 1.741232117637991905e-04
7.053600000000000000e+04 1.868515973910689354e-04 1.741232117637991905e-04
7.100000000000000000e+04 3.269487351644784212e-04 3.146387462038546801e-04
7.200000000000000000e+04 5.979295819997787476e-04 5.853664479218423367e-04
7.253700000000000000e+04 6.672489689663052559e-04 6.522989133372902870e-04
7.300000000000000000e+04 2.823795657604932785e-04 2.823795657604932785e-04
7.381800000000000000e+04 2.129036438418552279e-04 2.010008320212364197e-04
7.381800000000000000e+04 2.148406783817335963e-04 2.010008320212364197e-04
7.400000000000000000e+04 3.473510965704917908e-03 3.452337114140391350e-03
7.500000000000000000e+04 8.006595307961106300e-04 7.839642348699271679e-04
7.581900000000000000e+04 3.709268639795482159e-04 3.564344951882958412e-04
7.600000000000000000e+04 3.229342983104288578e-04 3.229342983104288578e-04
7.680300000000000000e+04 2.397916687186807394e-04 2.274817670695483685e-04
7.680300000000000000e+04 2.420277014607563615e-04 2.274817670695483685e-04
7.700000000000000000e+04 9.276338969357311726e-04 8.999045821838080883e-04
7.800000000000000000e+04 2.951030037365853786e-04 2.800819638650864363e-04
7.880400000000000000e+04 4.272117512300610542e-04 4.118306387681514025e-04
7.900000000000000000e+04 3.803293220698833466e-04 3.803293220698833466e-04
7.947200000000000000e+04 2.848978620022535324e-04 2.725013182498514652e-04
7.947200000000000000e+04 2.883885754272341728e-04 2.725013182498514652e-04
8.000000000000000000e+04 4.982647951692342758e-04 4.794422711711376905e-04
8.100000000000000000e+04 4.310358199290931225e-04 4.142429679632186890e-04
8.147300000000000000e+04 4.157688235864043236e-04 3.999111650045961142e-04
8.200000000000000000e+04 3.095372230745851994e-04 3.095372230745851994e-04
8.202300000000000000e+04 3.095349529758095741e-04 2.969980123452842236e-04
8.202300000000000000e+04 3.123402711935341358e-04 2.969980123452842236e-04
8.300000000000000000e+04 1.128706266172230244e-03 1.107371877878904343e-03
8.400000000000000000e+04 1.220064889639616013e-02 1.222299691289663315e-02
8.402400000000000000e+04 2.003657631576061249e-03 1.990178367123007774e-03
8.490000000000000000e+04 3.280125965829938650e-04 3.122459456790238619e-04
8.490000000000000000e+04 3.317987720947712660e-04 3.122459456790238619e-04
8.500000000000000000e+04 2.932330826297402382e-03 2.924054861068725586e-03
8.600000000000000000e+04 3.338168608024716377e-04 3.167606482747942209e-04
8.690100000000000000e+04 1.935170292854309082e-01 1.936368495225906372e-01
8.700000000000000000e+04 4.100809455849230289e-04 4.100809455849230289e-04
8.773600000000000000e+04 3.069968952331691980e-04 2.923549618571996689e-04
8.773600000000000000e+04 3.094287822023034096e-04 2.923549618571996689e-04
8.800000000000000000e+04 5.698160966858267784e-04 5.507246241904795170e-04
8.900000000000000000e+04 7.229783223010599613e-04 7.021417841315269470e-04
8.973700000000000000e+04 3.117450280115008354e-03 3.098681569099426270e-03
9.000000000000000000e+04 5.099124973639845848e-04 5.099124973639845848e-04
9.100000000000000000e+04 3.089394012931734324e-04 3.089394012931734324e-04
9.186000000000000000e+04 2.334286109544336796e-04 2.259282773593440652e-04
9.186000000000000000e+04 2.358151541557163000e-04 2.259282773593440652e-04
9.200000000000000000e+04 1.940761343576014042e-03 1.924928510561585426e-03
9.300000000000000000e+04 3.717298095580190420e-04 3.598377516027539968e-04
9.386100000000000000e+04 2.381701320409774780e-01 2.381905913352966309e-01
9.400000000000000000e+04 4.132181347813457251e-04 4.132181347813457251e-04
9.478500000000000000e+04 2.699077886063605547e-04 2.578685816843062639e-04
9.478500000000000000e+04 2.742630895227193832e-04 2.578685816843062639e-04
9.500000000000000000e+04 7.188940071500837803e-04 6.978750461712479591e-04
9.600000000000000000e+04 9.284477680921554565e-02 9.287881106138229370e-02
9.678600000000000000e+04 7.402850687503814697e-02 7.388849556446075439e-02
9.700000000000000000e+04 4.616118676494807005e-04 4.616118676494807005e-04
9.794300000000000000e+04 2.738888433668762445e-04 2.592607925180345774e-04
9.794300000000000000e+04 2.772060106508433819e-04 2.592607925180345774e-04
9.800000000000000000e+04 1.610575430095195770e-02 1.600814051926136017e-02
9.900000000000000000e+04 3.423756686970591545e-03 3.399361856281757355e-03
9.994400000000000000e+04 6.354262232780456543e-01 6.357235908508300781e-01
1.000000000000000000e+05 6.684290128760039806e-04 6.684290128760039806e-04
1.004690000000000000e+05 3.363243595231324434e-04 3.211129514966160059e-04
1.004690000000000000e+05 3.397247637622058392e-04 3.211129514966160059e-04
1.010000000000000000e+05 1.876556687057018280e-02 1.879784464836120605e-02
1.020000000000000000e+05 2.582358010113239288e-02 2.584029361605644226e-02
1.024700000000000000e+05 2.738039474934339523e-03 2.724655205383896828e-03
1.030000000000000000e+05 4.048132104799151421e-04 4.048132104799151421e-04
1.040000000000000000e+05 2.798345230985432863e-04 2.798345230985432863e-04
1.050000000000000000e+05 2.129425556631758809e-04 2.129425556631758809e-04
1.060000000000000000e+05 1.650842459639534354e-04 1.650842459639534354e-04
1.067020000000000000e+05 1.392336998833343387e-04 1.343496405752375722e-04
1.067020000000000000e+05 1.414632133673876524e-04 1.343496405752375722e-04
1.070000000000000000e+05 4.501851799432188272e-04 4.456798196770250797e-04
1.080000000000000000e+05 1.468961779028177261e-02 1.464337483048439026e-02
1.087030000000000000e+05 2.788137935567647219e-04 2.733075525611639023e-04
1.090000000000000000e+05 2.045759028987959027e-04 2.045759028987959027e-04
1.092120000000000000e+05 1.637084351386874914e-04 1.583680423209443688e-04
1.092120000000000000e+05 1.654938096180558205e-04 1.583680423209443688e-04
1.100000000000000000e+05 9.748744778335094452e-03 9.725109674036502838e-03
1.110000000000000000e+05 3.824832674581557512e-04 3.739170497283339500e-04
1.112130000000000000e+05 1.058718073181807995e-03 1.054990338161587715e-03
1.120000000000000000e+05 2.018787927227094769e-04 2.018787927227094769e-04
1.124180000000000000e+05 1.834812137531116605e-04 1.750827650539577007e-04
1.124180000000000000e+05 1.854632282629609108e-04 1.750827650539577007e-04
1.130000000000000000e+05 1.301578478887677193e-03 1.293907174840569496e-03
1.140000000000000000e+05 3.034262731671333313e-02 3.039537928998470306e-02
1.144190000000000000e+05 3.701719397213310003e-04 3.609267878346145153e-04
1.149140000000000000e+05 2.476713270880281925e-04 2.376380434725433588e-04
1.149140000000000000e+05 2.499668044038116932e-04 2.376380434725433588e-04
1.150000000000000000e+05 7.403061259537935257e-03 7.380437105894088745e-03
1.160000000000000000e+05 3.711545723490417004e-04 3.601427888497710228e-04
1.169150000000000000e+05 3.122911974787712097e-02 3.119098953902721405e-02
1.170000000000000000e+05 5.772933945991098881e-04 5.772933945991098881e-04
1.180000000000000000e+05 2.493754727765917778e-04 2.493754727765917778e-04
1.186140000000000000e+05 2.131105284206569195e-04 1.999934465857222676e-04
1.186140000000000000e+05 2.161571610486134887e-04 1.999934465857222676e-04
1.190000000000000000e+05 4.481303330976516008e-04 4.353648691903799772e-04
1.200000000000000000e+05 2.239548484794795513e-04 2.116817631758749485e-04
1.206150000000000000e+05 5.057754740118980408e-02 5.069794878363609314e-02
1.209750000000000000e+05 2.545668394304811954e-04 2.436498034512624145e-04
1.209750000000000000e+05 2.568724739830940962e-04 2.436498034512624145e-04
1.210000000000000000e+05 3.364439606666564941e-01 3.362944424152374268e-01
1.220000000000000000e+05 3.966627118643373251e-04 3.842166042886674404e-04
1.229760000000000000e+05 5.203722976148128510e-04 5.092894425615668297e-04
1.230000000000000000e+05 5.094669177196919918e-04 5.094669177196919918e-04
1.240000000000000000e+05 2.615603152662515640e-04 2.615603152662515640e-04
1.240280000000000000e+05 2.614285622257739305e-04 2.469399478286504745e-04
1.240280000000000000e+05 2.636658027768135071e-04 2.469399478286504745e-04
1.250000000000000000e+05 2.824351540766656399e-04 2.676348085515201092e-04
1.260000000000000000e+05 3.754184872377663851e-04 3.607715771067887545e-04
1.260290000000000000e+05 3.636720939539372921e-04 3.492017858661711216e-04
1.266180000000000000e+05 2.845916314981877804e-04 2.702725760173052549e-04
1.266180000000000000e+05 2.869738964363932610e-04 2.702725760173052549e-04
1.270000000000000000e+05 7.411877624690532684e-03 7.440853398293256760e-03
1.280000000000000000e+05 2.616616785526275635e-01 2.614212036132812500e-01
1.286190000000000000e+05 1.343957963399589062e-03 1.328273443505167961e-03
1.290000000000000000e+05 4.048707778565585613e-04 4.048707778565585613e-04
1.297530000000000000e+05 2.753048611339181662e-04 2.585649490356445312e-04
1.297530000000000000e+05 2.771074650809168816e-04 2.585649490356445312e-04
1.300000000000000000e+05 8.017943473532795906e-04 7.861932390369474888e-04
1.310000000000000000e+05 5.401234957389533520e-04 5.235109128989279270e-04
1.317540000000000000e+05 4.483923316001892090e-03 4.483542405068874359e-03
1.320000000000000000e+05 4.589318996295332909e-04 4.589318996295332909e-04
1.324120000000000000e+05 3.441104199737310410e-04 3.283194382674992085e-04
1.324120000000000000e+05 3.462739987298846245e-04 3.283194382674992085e-04
1.330000000000000000e+05 2.595264315605163574e-01 2.597877979278564453e-01
1.340000000000000000e+05 7.624548859894275665e-03 7.574835792183876038e-03
1.344130000000000000e+05 2.453580312430858612e-02 2.461976371705532074e-02
1.350000000000000000e+05 4.000998451374471188e-04 4.000998451374471188e-04
1.360000000000000000e+05 2.688741369638592005e-04 2.688741369638592005e-04
1.370000000000000000e+05 2.057027450064197183e-04 2.057027450064197183e-04
1.374330000000000000e+05 1.863466895883902907e-04 1.718726998660713434e-04
1.374330000000000000e+05 1.891985739348456264e-04 1.718726998660713434e-04
1.380000000000000000e+05 4.000595654360949993e-04 3.889215877279639244e-04
1.390000000000000000e+05 2.984645543619990349e-04 2.865579444915056229e-04
1.394340000000000000e+05 3.381769056431949139e-04 3.265377017669379711e-04
1.399190000000000000e+05 2.327962283743545413e-04 2.220363094238564372e-04
1.399190000000000000e+05 2.354739845031872392e-04 2.220363094238564372e-04
1.400000000000000000e+05 3.288828767836093903e-03 3.197079524397850037e-03
1.410000000000000000e+05 3.813703369814902544e-04 3.678573993965983391e-04
1.419200000000000000e+05 3.655038599390536547e-04 3.520688042044639587e-04
1.419400000000000000e+05 3.654932370409369469e-04 3.520477621350437403e-04
1.419400000000000000e+05 3.685033298097550869e-04 3.520477621350437403e-04
1.420000000000000000e+05 1.005741953849792480e-02 9.885494597256183624e-03
1.430000000000000000e+05 8.955728262662887573e-03 8.953313343226909637e-03
1.439410000000000000e+05 4.152159381192177534e-04 3.993299615103751421e-04
1.440000000000000000e+05 4.064821405336260796e-04 4.064821405336260796e-04
1.448110000000000000e+05 2.732968132477253675e-04 2.578485291451215744e-04
1.448110000000000000e+05 2.753407170530408621e-04 2.578485291451215744e-04
1.450000000000000000e+05 9.180743945762515068e-04 8.887704461812973022e-04
1.460000000000000000e+05 9.631096036173403263e-04 9.459696011617779732e-04
1.468120000000000000e+05 2.713487297296524048e-02 2.713196910917758942e-02
1.470000000000000000e+05 4.040943749714642763e-04 4.040943749714642763e-04
1.480000000000000000e+05 2.544017334003001451e-04 2.544017334003001451e-04
1.490000000000000000e+05 2.017816295847296715e-04 2.017816295847296715e-04
1.500000000000000000e+05 1.659225526964291930e-04 1.659225526964291930e-04
1.501350000000000000e+05 1.607617159606888890e-04 1.478034682804718614e-04
1.501350000000000000e+05 1.626815210329368711e-04 1.478034682804718614e-04
1.510000000000000000e+05 2.579966676421463490e-04 2.442465920466929674e-04
1.520000000000000000e+05 2.626157365739345551e-03 2.619000850245356560e-03
1.521360000000000000e+05 2.811544109135866165e-04 2.674143761396408081e-04
1.527720000000000000e+05 1.861767959780991077e-04 1.740924053592607379e-04
1.527720000000000000e+05 1.883916993392631412e-04 1.740924053592607379e-04
1.530000000000000000e+05 4.624957218766212463e-04 4.452173016034066677e-04
1.540000000000000000e+05 3.389855555724352598e-04 3.274081100244075060e-04
1.547730000000000000e+05 2.466531656682491302e-02 2.466390095651149750e-02
1.550000000000000000e+05 2.689765242394059896e-04 2.689765242394059896e-04
1.555630000000000000e+05 2.033169148489832878e-04 1.904703822219744325e-04
1.555630000000000000e+05 2.049868053290992975e-04 1.904703822219744325e-04
1.560000000000000000e+05 3.674733743537217379e-04 3.550378605723381042e-04
1.570000000000000000e+05 3.210068389307707548e-04 3.090663813054561615e-04
1.575640000000000000e+05 9.232581360265612602e-04 9.080417221412062645e-04
1.580000000000000000e+05 2.499009133316576481e-04 2.499009133316576481e-04
1.582500000000000000e+05 2.310284471604973078e-04 2.173865650547668338e-04
1.582500000000000000e+05 2.326218818780034781e-04 2.173865650547668338e-04
1.590000000000000000e+05 2.613278920762240887e-04 2.465458528604358435e-04
1.600000000000000000e+05 8.791753090918064117e-03 8.780361153185367584e-03
1.602510000000000000e+05 4.465953388717025518e-04 4.324036999605596066e-04
1.610000000000000000e+05 2.376429911237210035e-04 2.376429911237210035e-04
1.612290000000000000e+05 2.199815644416958094e-04 2.054670185316354036e-04
1.612290000000000000e+05 2.220336464233696461e-04 2.054670185316354036e-04
1.620000000000000000e+05 2.481642877683043480e-04 2.306145761394873261e-04
1.630000000000000000e+05 6.776845548301935196e-04 6.641521467827260494e-04
1.632300000000000000e+05 3.044090233743190765e-02 3.041175752878189087e-02
1.640000000000000000e+05 2.448944142088294029e-04 2.448944142088294029e-04
1.648250000000000000e+05 1.939619542099535465e-04 1.792139519238844514e-04
1.648250000000000000e+05 1.961518137250095606e-04 1.792139519238844514e-04
1.650000000000000000e+05 7.004785002209246159e-04 6.471507949754595757e-04
1.660000000000000000e+05 2.197140274802222848e-04 2.025761641561985016e-04
1.668260000000000000e+05 7.552781701087951660e-02 7.535921037197113037e-02
1.670000000000000000e+05 2.921836276073008776e-04 2.921836276073008776e-04
1.673830000000000000e+05 2.374238683842122555e-04 2.214345731772482395e-04
1.673830000000000000e+05 2.390232984907925129e-04 2.214345731772482395e-04
1.680000000000000000e+05 3.854766255244612694e-04 3.652597661130130291e-04
1.690000000000000000e+05 3.306436701677739620e-04 3.113704733550548553e-04
1.693840000000000000e+05 9.930069791153073311e-04 9.717515204101800919e-04
1.700000000000000000e+05 2.893992350436747074e-04 2.893992350436747074e-04
1.710000000000000000e+05 2.080956619465723634e-04 2.080956619465723634e-04
1.712200000000000000e+05 1.971970632439479232e-04 1.828247186494991183e-04
1.712200000000000000e+05 1.986997376661747694e-04 1.828247186494991183e-04
1.720000000000000000e+05 2.398987562628462911e-04 2.213236148236319423e-04
1.730000000000000000e+05 2.781406219583004713e-04 2.599094586912542582e-04
1.732210000000000000e+05 3.211491275578737259e-04 3.015994443558156490e-04
1.737740000000000000e+05 2.393803006270900369e-04 2.232155238743871450e-04
1.737740000000000000e+05 2.415106864646077156e-04 2.232155238743871450e-04
1.740000000000000000e+05 7.082276861183345318e-04 6.900767330080270767e-04
1.750000000000000000e+05 2.578898856882005930e-04 2.403112448519095778e-04
1.757750000000000000e+05 1.688417196273803711e-01 1.689911186695098877e-01
1.760000000000000000e+05 2.876419166568666697e-04 2.876419166568666697e-04
1.760160000000000000e+05 2.876419166568666697e-04 2.692217240110039711e-04
1.760160000000000000e+05 2.894414064940065145e-04 2.692217240110039711e-04
1.770000000000000000e+05 5.153623968362808228e-02 5.171819403767585754e-02
1.780000000000000000e+05 9.368925238959491253e-04 9.160616318695247173e-04
1.780170000000000000e+05 4.598166793584823608e-03 4.586625844240188599e-03
1.790000000000000000e+05 2.633974654600024223e-04 2.633974654600024223e-04
1.790240000000000000e+05 2.630803501233458519e-04 2.434706984786316752e-04
1.790240000000000000e+05 2.646777138579636812e-04 2.434706984786316752e-04
1.800000000000000000e+05 2.978687116410583258e-04 2.758543414529412985e-04
1.810000000000000000e+05 3.561450242996215820e-01 3.565855622291564941e-01
1.810250000000000000e+05 6.293084006756544113e-03 6.248976569622755051e-03
1.815050000000000000e+05 3.095793072134256363e-04 2.888346789404749870e-04
1.815050000000000000e+05 3.115448344033211470e-04 2.888346789404749870e-04
1.820000000000000000e+05 3.932846593670547009e-04 3.671583253890275955e-04
1.830000000000000000e+05 8.452630136162042618e-04 8.221154566854238510e-04
1.835060000000000000e+05 4.327555652707815170e-04 4.063359519932419062e-04
1.836280000000000000e+05 3.915585111826658249e-04 3.630406572483479977e-04
1.836280000000000000e+05 3.955259162466973066e-04 3.630406572483479977e-04
1.840000000000000000e+05 4.887541290372610092e-04 4.510501166805624962e-04
1.850000000000000000e+05 4.916480975225567818e-04 4.616184160113334656e-04
1.856290000000000000e+05 4.893662407994270325e-04 4.607452719938009977e-04
1.860000000000000000e+05 3.882597375195473433e-04 3.882597375195473433e-04
1.870000000000000000e+05 2.610239607747644186e-04 2.610239607747644186e-04
1.880000000000000000e+05 1.923449017340317369e-04 1.923449017340317369e-04
1.890000000000000000e+05 1.506444386905059218e-04 1.506444386905059218e-04
1.896800000000000000e+05 1.338120200671255589e-04 1.243523001903668046e-04
1.896800000000000000e+05 1.354797132080420852e-04 1.243523001903668046e-04
1.900000000000000000e+05 3.892191452905535698e-04 3.790879272855818272e-04
1.910000000000000000e+05 1.976338448002934456e-03 1.970463432371616364e-03
1.916810000000000000e+05 3.661789745092391968e-02 3.660136088728904724e-02
1.920000000000000000e+05 1.856886810855939984e-04 1.856886810855939984e-04
1.924030000000000000e+05 1.522549137007445097e-04 1.411579869454726577e-04
1.924030000000000000e+05 1.539674121886491776e-04 1.411579869454726577e-04
1.930000000000000000e+05 1.967409189091995358e-04 1.831534755183383822e-04
1.940000000000000000e+05 6.825451855547726154e-04 6.654458120465278625e-04
1.944040000000000000e+05 2.672383270692080259e-04 2.509566547814756632e-04
1.950000000000000000e+05 1.783003681339323521e-04 1.783003681339323521e-04
1.954530000000000000e+05 1.583355478942394257e-04 1.453401782782748342e-04
1.954530000000000000e+05 1.594599161762744188e-04 1.453401782782748342e-04
1.960000000000000000e+05 2.408999280305579305e-04 2.246762887807562947e-04
1.970000000000000000e+05 3.434925747569650412e-04 3.290490712970495224e-04
1.974540000000000000e+05 2.556456602178514004e-04 2.400573866907507181e-04
1.980000000000000000e+05 1.974692859221249819e-04 1.974692859221249819e-04
1.984110000000000000e+05 1.693619415163993835e-04 1.573707268107682467e-04
1.984110000000000000e+05 1.705738686723634601e-04 1.573707268107682467e-04
1.990000000000000000e+05 2.090427296934649348e-04 1.929008431034162641e-04
2.000000000000000000e+05 2.337653131689876318e-04 2.169081853935495019e-04
2.004120000000000000e+05 2.888880553655326366e-04 2.700795594137161970e-04
2.010000000000000000e+05 2.139100106433033943e-04 2.139100106433033943e-04
2.013710000000000000e+05 1.840539189288392663e-04 1.703704765532165766e-04
2.013710000000000000e+05 1.852382411016151309e-04 1.703704765532165766e-04
2.020000000000000000e+05 7.123485673218965530e-03 7.184659130871295929e-03
2.030000000000000000e+05 2.917554811574518681e-04 2.741785137914121151e-04
2.033720000000000000e+05 5.225030472502112389e-04 4.991685855202376842e-04
2.040000000000000000e+05 2.229268138762563467e-04 2.229268138762563467e-04
2.045090000000000000e+05 1.907888945424929261e-04 1.772688119672238827e-04
2.045090000000000000e+05 1.920471258927136660e-04 1.772688119672238827e-04
2.050000000000000000e+05 9.685658733360469341e-04 9.521116735413670540e-04
2.060000000000000000e+05 1.439881743863224983e-03 1.430726493708789349e-03
2.065100000000000000e+05 3.250803274568170309e-04 3.046081110369414091e-04
2.070000000000000000e+05 2.405142586212605238e-04 2.405142586212605238e-04
2.071790000000000000e+05 2.234507555840536952e-04 2.053734497167170048e-04
2.071790000000000000e+05 2.247794473078101873e-04 2.053734497167170048e-04
2.080000000000000000e+05 2.780826180242002010e-04 2.634999982547014952e-04
2.090000000000000000e+05 5.292345583438873291e-02 5.315176025032997131e-02
2.091800000000000000e+05 3.905516266822814941e-01 3.895956277847290039e-01
2.100000000000000000e+05 2.287292736582458019e-04 2.287292736582458019e-04
2.107560000000000000e+05 1.976548810489475727e-04 1.813805865822359920e-04
2.107560000000000000e+05 1.990139862755313516e-04 1.813805865822359920e-04
2.110000000000000000e+05 3.154621226713061333e-04 2.959205012302845716e-04
2.120000000000000000e+05 1.000087591819465160e-03 9.826094610616564751e-04
2.127570000000000000e+05 2.298834966495633125e-03 2.270135330036282539e-03
2.130000000000000000e+05 2.819322107825428247e-04 2.819322107825428247e-04
2.135120000000000000e+05 2.233977575087919831e-04 2.080335398204624653e-04
2.135120000000000000e+05 2.246285439468920231e-04 2.080335398204624653e-04
2.140000000000000000e+05 3.404462477192282677e-04 3.179656341671943665e-04
2.150000000000000000e+05 3.647749254014343023e-04 3.455750993452966213e-04
2.155130000000000000e+05 3.032560634892433882e-04 2.855501079466193914e-04
2.160000000000000000e+05 2.416640054434537888e-04 2.416640054434537888e-04
2.169990000000000000e+05 1.930724683916196227e-04 1.760656596161425114e-04
2.169990000000000000e+05 1.943910756381228566e-04 1.760656596161425114e-04
2.170000000000000000e+05 1.230455875396728516e+01 1.226922512054443359e+01
2.180000000000000000e+05 2.010380267165601254e-04 1.856928574852645397e-04
2.190000000000000000e+05 3.732729852199554443e-01 3.722166717052459717e-01
2.200000000000000000e+05 3.911731764674186707e-04 3.741916443686932325e-04
2.200000000000000000e+05 3.911731764674186707e-04 3.741916443686932325e-04
2.209590000000000000e+05 2.232747938251122832e-04 2.062326384475454688e-04
2.209590000000000000e+05 2.244882489321753383e-04 2.062326384475454688e-04
2.210000000000000000e+05 1.473021507263183594e-01 1.461556553840637207e-01
2.220000000000000000e+05 2.408368163742125034e-04 2.206002536695450544e-04
2.229600000000000000e+05 3.308717568870633841e-04 3.102678165305405855e-04
2.230000000000000000e+05 2.936464734375476837e-04 2.936464734375476837e-04
2.238590000000000000e+05 2.097409305861219764e-04 1.928162237163633108e-04
2.238590000000000000e+05 2.109723573084920645e-04 1.928162237163633108e-04
2.240000000000000000e+05 1.141887041740119457e-03 1.096409861929714680e-03
2.250000000000000000e+05 4.471661522984504700e-04 4.312394303269684315e-04
2.258600000000000000e+05 5.288755055516958237e-04 5.160018336027860641e-04
2.260000000000000000e+05 3.043586330022662878e-04 3.043586330022662878e-04
2.266000000000000000e+05 2.262718626298010349e-04 2.101098216371610761e-04
2.266000000000000000e+05 2.276700834045186639e-04 2.101098216371610761e-04
2.270000000000000000e+05 2.809648867696523666e-04 2.590384101495146751e-04
2.280000000000000000e+05 6.403218023478984833e-03 6.394726224243640900e-03
2.286010000000000000e+05 3.790605405811220407e-04 3.627664409577846527e-04
2.290000000000000000e+05 2.738990879151970148e-04 2.738990879151970148e-04
2.300000000000000000e+05 2.105563326040282845e-04 2.105563326040282845e-04
2.302850000000000000e+05 1.974960614461451769e-04 1.801327598514035344e-04
2.302850000000000000e+05 1.987168943742290139e-04 1.801327598514035344e-04
2.310000000000000000e+05 2.319741761311888695e-04 2.123104204656556249e-04
2.320000000000000000e+05 2.584030444268137217e-04 2.422829275019466877e-04
2.322860000000000000e+05 2.666976652108132839e-04 2.507338649593293667e-04
2.323080000000000000e+05 2.666603249963372946e-04 2.507362223695963621e-04
2.323080000000000000e+05 2.680528850760310888e-04 2.507362223695963621e-04
2.330000000000000000e+05 2.752125437837094069e-04 2.587575872894376516e-04
2.340000000000000000e+05 2.860439708456397057e-04 2.711009001359343529e-04
2.343090000000000000e+05 1.387696131132543087e-03 1.375008374452590942e-03
2.350000000000000000e+05 2.338419290026649833e-04 2.338419290026649833e-04
2.353880000000000000e+05 2.125247556250542402e-04 1.965429546544328332e-04
2.353880000000000000e+05 2.137914852937683463e-04 1.965429546544328332e-04
2.360000000000000000e+05 2.680410398170351982e-04 2.518259570933878422e-04
2.370000000000000000e+05 3.160656196996569633e-04 3.001833974849432707e-04
2.373890000000000000e+05 4.843214701395481825e-04 4.735966795124113560e-04
2.380000000000000000e+05 2.398306241957470775e-04 2.398306241957470775e-04
2.383130000000000000e+05 2.204790216637775302e-04 2.045752335106953979e-04
2.383130000000000000e+05 2.216074353782460093e-04 2.045752335106953979e-04
2.390000000000000000e+05 2.343625383218750358e-04 2.183296746807172894e-04
2.400000000000000000e+05 2.980999997816979885e-04 2.846348506864160299e-04
2.403140000000000000e+05 5.583900213241577148e-02 5.545809492468833923e-02
2.410000000000000000e+05 2.355400065425783396e-04 2.355400065425783396e-04
2.414720000000000000e+05 2.097471733577549458e-04 1.953508763108402491e-04
2.414720000000000000e+05 2.108005282934755087e-04 1.953508763108402491e-04
2.420000000000000000e+05 2.825064584612846375e-04 2.685440995264798403e-04
2.430000000000000000e+05 1.185390204191207886e-01 1.177512779831886292e-01
2.434730000000000000e+05 4.156838986091315746e-04 4.050485731568187475e-04
2.440000000000000000e+05 2.394854673184454441e-04 2.394854673184454441e-04
2.446240000000000000e+05 2.088877372443675995e-04 1.953961036633700132e-04
2.446240000000000000e+05 2.100329002132639289e-04 1.953961036633700132e-04
2.450000000000000000e+05 2.854667545761913061e-04 2.673520648386329412e-04
2.460000000000000000e+05 5.794151220470666885e-04 5.640876479446887970e-04
2.466250000000000000e+05 1.388707081787288189e-03 1.360370661132037640e-03
2.470000000000000000e+05 2.446081780362874269e-04 2.446081780362874269e-04
2.476280000000000000e+05 2.033191412920132279e-04 1.884982339106500149e-04
2.476280000000000000e+05 2.047164598479866982e-04 1.884982339106500149e-04
2.480000000000000000e+05 2.837614738382399082e-04 2.697887830436229706e-04
2.490000000000000000e+05 2.767378173302859068e-04 2.635243872646242380e-04
2.496290000000000000e+05 3.476004349067807198e-04 3.332751803100109100e-04
2.500000000000000000e+05 2.595576515886932611e-04 2.595576515886932611e-04
2.507690000000000000e+05 2.101935824612155557e-04 1.954445906449109316e-04
2.507690000000000000e+05 2.111929061356931925e-04 1.954445906449109316e-04
2.510000000000000000e+05 3.341589181218296289e-04 3.067807119805365801e-04
2.520000000000000000e+05 2.752931031864136457e-04 2.620569721329957247e-04
2.527700000000000000e+05 9.506460279226303101e-03 9.498552419245243073e-03
2.530000000000000000e+05 2.959079865831881762e-04 2.959079865831881762e-04
2.539670000000000000e+05 2.085305604850873351e-04 1.950771838892251253e-04
2.539670000000000000e+05 2.095522941090166569e-04 1.950771838892251253e-04
2.540000000000000000e+05 9.588165581226348877e-02 9.435915201902389526e-02
2.550000000000000000e+05 2.774404361844062805e-02 2.759250998497009277e-02
2.559680000000000000e+05 2.612493373453617096e-02 2.598915062844753265e-02
2.560000000000000000e+05 4.165690916124731302e-04 4.165690916124731302e-04
2.564280000000000000e+05 2.577070845291018486e-04 2.449029707349836826e-04
2.564280000000000000e+05 2.590146614238619804e-04 2.449029707349836826e-04
2.570000000000000000e+05 2.788098354358226061e-04 2.622462343424558640e-04
2.580000000000000000e+05 4.365186905488371849e-04 4.160935641266405582e-04
2.584290000000000000e+05 4.945081309415400028e-04 4.876788007095456123e-04
2.590000000000000000e+05 2.549616619944572449e-04 2.549616619944572449e-04
2.594610000000000000e+05 2.216081629740074277e-04 2.076005912385880947e-04
2.594610000000000000e+05 2.227491931989789009e-04 2.076005912385880947e-04
2.600000000000000000e+05 2.615349076222628355e-04 2.457898517604917288e-04
2.610000000000000000e+05 4.070858994964510202e-04 3.910346422344446182e-04
2.614620000000000000e+05 3.288960724603384733e-04 3.169205447193235159e-04
2.620000000000000000e+05 2.411466703051701188e-04 2.411466703051701188e-04
2.622800000000000000e+05 2.235000429209321737e-04 2.103517181240022182e-04
2.622800000000000000e+05 2.245048381155356765e-04 2.103517181240022182e-04
2.630000000000000000e+05 2.482116397004574537e-04 2.356988843530416489e-04
2.640000000000000000e+05 1.321324706077575684e-01 1.310061961412429810e-01
2.642810000000000000e+05 5.340844765305519104e-02 5.306959524750709534e-02
2.650000000000000000e+05 2.267874078825116158e-04 2.267874078825116158e-04
2.652870000000000000e+05 2.159433352062478662e-04 2.028156741289421916e-04
2.652870000000000000e+05 2.168479986721649766e-04 2.028156741289421916e-04
2.660000000000000000e+05 2.371427835896611214e-04 2.230454265372827649e-04
2.670000000000000000e+05 2.002711407840251923e-03 1.982839778065681458e-03
2.672880000000000000e+05 6.781188305467367172e-03 6.705097854137420654e-03
2.678860000000000000e+05 2.344888343941420317e-04 2.211908722529187799e-04
2.678860000000000000e+05 2.355814940528944135e-04 2.211908722529187799e-04
2.680000000000000000e+05 9.559276513755321503e-04 8.982220897451043129e-04
2.690000000000000000e+05 9.169171680696308613e-04 9.058132418431341648e-04
2.698870000000000000e+05 5.786007386632263660e-04 5.650428356602787971e-04
2.700000000000000000e+05 2.911683695856481791e-04 2.911683695856481791e-04
2.701190000000000000e+05 2.761764335446059704e-04 2.617622376419603825e-04
2.701190000000000000e+05 2.774207678157836199e-04 2.617622376419603825e-04
2.710000000000000000e+05 7.424563518725335598e-04 7.347550708800554276e-04
2.720000000000000000e+05 3.237320855259895325e-02 3.207323327660560608e-02
2.721200000000000000e+05 3.315052599646151066e-04 3.153778088744729757e-04
2.729700000000000000e+05 2.437487273709848523e-04 2.279633481521159410e-04
2.729700000000000000e+05 2.452396147418767214e-04 2.279633481521159410e-04
2.730000000000000000e+05 1.479359865188598633e-01 1.445270180702209473e-01
2.740000000000000000e+05 4.409634566400200129e-04 4.284173191990703344e-04
2.749710000000000000e+05 3.774783387780189514e-02 3.739577531814575195e-02
2.750000000000000000e+05 4.365335917100310326e-04 4.365335917100310326e-04
2.760000000000000000e+05 2.300607156939804554e-04 2.300607156939804554e-04
2.767620000000000000e+05 1.981408277060836554e-04 1.870513369794934988e-04
2.767620000000000000e+05 1.993801415665075183e-04 1.870513369794934988e-04
2.770000000000000000e+05 3.111693367827683687e-04 2.932511561084538698e-04
2.780000000000000000e+05 2.707915194332599640e-02 2.685649506747722626e-02
2.787630000000000000e+05 9.482096880674362183e-02 9.389042109251022339e-02
2.790000000000000000e+05 2.512068313080817461e-04 2.512068313080817461e-04
2.792370000000000000e+05 2.295449958182871342e-04 2.131414512405171990e-04
2.792370000000000000e+05 2.306248206878080964e-04 2.131414512405171990e-04
2.800000000000000000e+05 2.485675795469433069e-04 2.302028588019311428e-04
2.810000000000000000e+05 2.387264519929885864e-01 2.362934052944183350e-01
2.812380000000000000e+05 3.847553627565503120e-03 3.787554334849119186e-03
2.820000000000000000e+05 2.266312367282807827e-04 2.266312367282807827e-04
2.821330000000000000e+05 2.210546808782964945e-04 2.049284084932878613e-04
2.821330000000000000e+05 2.222267066827043891e-04 2.049284084932878613e-04
2.830000000000000000e+05 1.255251700058579445e-03 1.233815797604620457e-03
2.840000000000000000e+05 3.809641930274665356e-04 3.698194632306694984e-04
2.841340000000000000e+05 2.077103825286030769e-03 2.023046137765049934e-03
2.849750000000000000e+05 2.245489740744233131e-04 2.084044244838878512e-04
2.849750000000000000e+05 2.257312444271519780e-04 2.084044244838878512e-04
2.850000000000000000e+05 5.516504049301147461e-01 5.389171242713928223e-01
2.860000000000000000e+05 2.347005065530538559e-04 2.182836033171042800e-04
2.869760000000000000e+05 2.986255101859569550e-02 2.966280840337276459e-02
2.870000000000000000e+05 4.436524177435785532e-04 4.436524177435785532e-04
2.875530000000000000e+05 2.312013675691559911e-04 2.155605179723352194e-04
2.875530000000000000e+05 2.322973887203261256e-04 2.155605179723352194e-04
2.880000000000000000e+05 3.371895872987806797e-04 3.170977579429745674e-04
2.890000000000000000e+05 3.636068850755691528e-02 3.612197563052177429e-02
2.895540000000000000e+05 5.017818417400121689e-03 4.982009064406156540e-03
2.900000000000000000e+05 2.584298199508339167e-04 2.584298199508339167e-04
2.907690000000000000e+05 2.136957773473113775e-04 1.994797639781609178e-04
2.907690000000000000e+05 2.149458159692585468e-04 1.994797639781609178e-04
2.910000000000000000e+05 4.381024918984621763e-04 4.161599790677428246e-04
2.920000000000000000e+05 4.063729345798492432e-01 4.023867249488830566e-01
2.927700000000000000e+05 6.411492079496383667e-02 6.341377645730972290e-02
2.930000000000000000e+05 2.460920368321239948e-04 2.460920368321239948e-04
2.936280000000000000e+05 2.118203847203403711e-04 1.957724889507517219e-04
2.936280000000000000e+05 2.128128980984911323e-04 1.957724889507517219e-04
2.940000000000000000e+05 2.800739021040499210e-04 2.491581253707408905e-04
2.950000000000000000e+05 2.642569132149219513e-03 2.610970521345734596e-03
2.956290000000000000e+05 3.037543501704931259e-04 2.879735548049211502e-04
2.960000000000000000e+05 2.403129619779065251e-04 2.403129619779065251e-04
2.961090000000000000e+05 2.348024572711437941e-04 2.172607055399566889e-04
2.961090000000000000e+05 2.360642247367650270e-04 2.172607055399566889e-04
2.970000000000000000e+05 2.611050731502473354e-04 2.428225998301059008e-04
2.980000000000000000e+05 8.525520097464323044e-04 8.456608629785478115e-04
2.981100000000000000e+05 2.348653273656964302e-03 2.286626258864998817e-03
2.990000000000000000e+05 2.360216749366372824e-04 2.360216749366372824e-04
2.991340000000000000e+05 2.311886928509920835e-04 2.123953599948436022e-04
2.991340000000000000e+05 2.322937361896038055e-04 2.123953599948436022e-04
3.000000000000000000e+05 3.750423493329435587e-04 3.522122569847851992e-04
3.010000000000000000e+05 1.650291532278060913e-01 1.634618788957595825e-01
3.011350000000000000e+05 2.379616200923919678e-01 2.356055229902267456e-01
3.018980000000000000e+05 2.390870504314079881e-04 2.195466076955199242e-04
3.018980000000000000e+05 2.401490928605198860e-04 2.195466076955199242e-04
3.020000000000000000e+05 1.197299803607165813e-03 1.150222728028893471e-03
3.030000000000000000e+05 2.792398736346513033e-04 2.590871881693601608e-04
3.038990000000000000e+05 3.168867260683327913e-04 2.968204498756676912e-04
3.040000000000000000e+05 2.996623807121068239e-04 2.996623807121068239e-04
3.047410000000000000e+05 2.352493756916373968e-04 2.153978130081668496e-04
3.047410000000000000e+05 2.364299580221995711e-04 2.153978130081668496e-04
3.050000000000000000e+05 4.252846702001988888e-04 4.033898294437676668e-04
3.060000000000000000e+05 7.025828817859292030e-04 6.733489572070538998e-04
3.067420000000000000e+05 6.811966001987457275e-02 6.769080460071563721e-02
3.070000000000000000e+05 2.831485180649906397e-04 2.831485180649906397e-04
3.073240000000000000e+05 2.470538020133972168e-04 2.260300825582817197e-04
3.073240000000000000e+05 2.486832963768392801e-04 2.260300825582817197e-04
3.080000000000000000e+05 2.759643830358982086e-04 2.571657241787761450e-04
3.090000000000000000e+05 7.088074344210326672e-04 6.866636103950440884e-04
3.093250000000000000e+05 1.065296828746795654e-01 1.056080386042594910e-01
3.100000000000000000e+05 2.510502527002245188e-04 2.510502527002245188e-04
3.102100000000000000e+05 2.405681298114359379e-04 2.206979988841339946e-04
3.102100000000000000e+05 2.417070063529536128e-04 2.206979988841339946e-04
3.110000000000000000e+05 2.721345808822661638e-04 2.494444197509437799e-04
3.120000000000000000e+05 5.355714238248765469e-04 5.180974258109927177e-04
3.122110000000000000e+05 8.315479499287903309e-04 8.024016278795897961e-04
3.127120000000000000e+05 2.607528876978904009e-04 2.379647921770811081e-04
3.127120000000000000e+05 2.623862528707832098e-04 2.379647921770811081e-04
3.130000000000000000e+05 4.134276241529732943e-04 3.850606735795736313e-04
3.140000000000000000e+05 2.950199414044618607e-04 2.736422175075858831e-04
3.147130000000000000e+05 3.319890238344669342e-04 3.118799650110304356e-04
3.150000000000000000e+05 2.950068737845867872e-04 2.950068737845867872e-04
3.156570000000000000e+05 2.500690752640366554e-04 2.301872591488063335e-04
3.156570000000000000e+05 2.512322971597313881e-04 2.301872591488063335e-04
3.160000000000000000e+05 3.882981545757502317e-04 3.637591726146638393e-04
3.170000000000000000e+05 3.345381992403417826e-04 3.101826587226241827e-04
3.176580000000000000e+05 3.793890937231481075e-04 3.524258791003376245e-04
3.180000000000000000e+05 2.603384782560169697e-04 2.603384782560169697e-04
3.186890000000000000e+05 2.291668643010780215e-04 2.123742306139320135e-04
3.186890000000000000e+05 2.301891654497012496e-04 2.123742306139320135e-04
3.190000000000000000e+05 2.977707190439105034e-04 2.808473072946071625e-04
3.200000000000000000e+05 2.051615389063954353e-03 2.044885884970426559e-03
3.206900000000000000e+05 2.751067804638296366e-04 2.573859528638422489e-04
3.210000000000000000e+05 2.380558435106649995e-04 2.380558435106649995e-04
3.212640000000000000e+05 2.271003904752433300e-04 2.076754899462684989e-04
3.212640000000000000e+05 2.281504130223765969e-04 2.076754899462684989e-04
3.220000000000000000e+05 2.438827505102381110e-04 2.205405326094478369e-04
3.230000000000000000e+05 4.956014454364776611e-04 4.694125964306294918e-04
3.232650000000000000e+05 3.565898165106773376e-03 3.523643128573894501e-03
3.237810000000000000e+05 2.590456278994679451e-04 2.361762453801929951e-04
3.237810000000000000e+05 2.603862958494573832e-04 2.361762453801929951e-04
3.240000000000000000e+05 4.656060482375323772e-04 4.337493446655571461e-04
3.250000000000000000e+05 4.117825592402368784e-04 3.965366049669682980e-04
3.257820000000000000e+05 3.282773075625300407e-03 3.183925524353981018e-03
3.260000000000000000e+05 3.298411320429295301e-04 3.298411320429295301e-04
3.262390000000000000e+05 2.929017355199903250e-04 2.687117957975715399e-04
3.262390000000000000e+05 2.942791616078466177e-04 2.687117957975715399e-04
3.270000000000000000e+05 5.611661472357809544e-04 5.403769318945705891e-04
3.280000000000000000e+05 9.028723463416099548e-03 8.896382525563240051e-03
3.282400000000000000e+05 3.585369850043207407e-04 3.354258660692721605e-04
3.290000000000000000e+05 2.494067302905023098e-04 2.494067302905023098e-04
3.294540000000000000e+05 2.285052760271355510e-04 2.127084298990666866e-04
3.294540000000000000e+05 2.294716396136209369e-04 2.127084298990666866e-04
3.300000000000000000e+05 2.555183600634336472e-04 2.354596945224329829e-04
3.310000000000000000e+05 3.823505016043782234e-03 3.748992923647165298e-03
3.314550000000000000e+05 7.735422695986926556e-04 7.354485569521784782e-04
3.320000000000000000e+05 2.401025267317891121e-04 2.401025267317891121e-04
3.321160000000000000e+05 2.353345771552994847e-04 2.139651332981884480e-04
3.321160000000000000e+05 2.364764513913542032e-04 2.139651332981884480e-04
3.330000000000000000e+05 2.509038313291966915e-04 2.278630709042772651e-04
3.340000000000000000e+05 2.636619901750236750e-04 2.437272341921925545e-04
3.341170000000000000e+05 3.193749871570616961e-04 3.013216773979365826e-04
3.346700000000000000e+05 2.458161325193941593e-04 2.255723520647734404e-04
3.346700000000000000e+05 2.468895108904689550e-04 2.255723520647734404e-04
3.350000000000000000e+05 3.892547392752021551e-04 3.680858644656836987e-04
3.360000000000000000e+05 7.344812899827957153e-02 7.266622036695480347e-02
3.366710000000000000e+05 6.966311484575271606e-02 6.888538599014282227e-02
3.370000000000000000e+05 2.909468603320419788e-04 2.909468603320419788e-04
3.374810000000000000e+05 2.566647890489548445e-04 2.379012585151940584e-04
3.374810000000000000e+05 2.576652623247355223e-04 2.379012585151940584e-04
3.380000000000000000e+05 2.819429500959813595e-04 2.583629684522747993e-04
3.390000000000000000e+05 4.357450176030397415e-03 4.332713782787322998e-03
3.394820000000000000e+05 2.771318145096302032e-02 2.754523046314716339e-02
3.400000000000000000e+05 2.515747619327157736e-04 2.515747619327157736e-04
3.403010000000000000e+05 2.400751691311597824e-04 2.217150322394445539e-04
3.403010000000000000e+05 2.410087909083813429e-04 2.217150322394445539e-04
3.410000000000000000e+05 2.767374098766595125e-04 2.582970191724598408e-04
3.420000000000000000e+05 4.229643382132053375e-04 4.093468596693128347e-04
3.423020000000000000e+05 2.782682713586837053e-04 2.588257193565368652e-04
3.429520000000000000e+05 2.373008464928716421e-04 2.191979874623939395e-04
3.429520000000000000e+05 2.383069513598456979e-04 2.191979874623939395e-04
3.430000000000000000e+05 8.639163523912429810e-02 8.467032015323638916e-02
3.440000000000000000e+05 2.595983969513326883e-04 2.363146923016756773e-04
3.449530000000000000e+05 2.823368122335523367e-04 2.613523683976382017e-04
3.449740000000000000e+05 2.814627951011061668e-04 2.600029401946812868e-04
3.449740000000000000e+05 2.828234282787889242e-04 2.600029401946812868e-04
3.450000000000000000e+05 9.362473338842391968e-02 9.093059599399566650e-02
3.460000000000000000e+05 8.708595414645969868e-04 8.530844352208077908e-04
3.469750000000000000e+05 3.318176791071891785e-02 3.282063081860542297e-02
3.470000000000000000e+05 4.343745531514286995e-04 4.343745531514286995e-04
3.480000000000000000e+05 2.486539597157388926e-04 2.486539597157388926e-04
3.480100000000000000e+05 2.486488665454089642e-04 2.301090571563690901e-04
3.480100000000000000e+05 2.495488442946225405e-04 2.301090571563690901e-04
3.490000000000000000e+05 2.661284524947404861e-04 2.458142116665840149e-04
3.500000000000000000e+05 1.317296177148818970e-02 1.307021547108888626e-02
3.500110000000000000e+05 6.375885568559169769e-03 6.248511373996734619e-03
3.507990000000000000e+05 2.569949137978255749e-04 2.366756089031696320e-04
3.507990000000000000e+05 2.577527484390884638e-04 2.366756089031696320e-04
3.510000000000000000e+05 4.324797773733735085e-04 4.150055174250155687e-04
3.520000000000000000e+05 4.808764904737472534e-02 4.793598130345344543e-02
3.528000000000000000e+05 5.237784353084862232e-04 4.956093034707009792e-04
3.530000000000000000e+05 2.894286881200969219e-04 2.894286881200969219e-04
3.539490000000000000e+05 2.351282309973612428e-04 2.183420874644070864e-04
3.539490000000000000e+05 2.359346253797411919e-04 2.183420874644070864e-04
3.540000000000000000e+05 1.348389498889446259e-02 1.261519826948642731e-02
3.550000000000000000e+05 5.137680564075708389e-04 4.888558760285377502e-04
3.559500000000000000e+05 2.879736421164125204e-04 2.669040986802428961e-04
3.560000000000000000e+05 2.848555159289389849e-04 2.848555159289389849e-04
3.567160000000000000e+05 2.364427054999396205e-04 2.177944115828722715e-04
3.567160000000000000e+05 2.372333110542967916e-04 2.177944115828722715e-04
3.570000000000000000e+05 3.010752843692898750e-04 2.772367733996361494e-04
3.580000000000000000e+05 2.740099444054067135e-04 2.529494231566786766e-04
3.587170000000000000e+05 3.190125105902552605e-03 3.117666346952319145e-03
3.589510000000000000e+05 2.860217064153403044e-04 2.644934866111725569e-04
3.589510000000000000e+05 2.870574535336345434e-04 2.644934866111725569e-04
3.590000000000000000e+05 1.095693651586771011e-02 1.049398165196180344e-02
3.600000000000000000e+05 2.778340131044387817e-04 2.582549641374498606e-04
3.609520000000000000e+05 1.571702212095260620e-02 1.550544612109661102e-02
3.610000000000000000e+05 2.977550029754638672e-04 2.977550029754638672e-04
3.619970000000000000e+05 2.297765313414856791e-04 2.124462480423972011e-04
3.619970000000000000e+05 2.306431561009958386e-04 2.124462480423972011e-04
3.620000000000000000e+05 5.078189849853515625e+00 4.999496459960937500e+00
3.630000000000000000e+05 2.320783823961392045e-04 2.121898287441581488e-04
3.639980000000000000e+05 1.079733669757843018e-02 1.062684785574674606e-02
3.640000000000000000e+05 2.607391113281250000e+03 2.607391113281250000e+03
3.647270000000000000e+05 2.425709826638922095e-04 2.211478567915037274e-04
3.647270000000000000e+05 2.436797949485480785e-04 2.211478567915037274e-04
3.650000000000000000e+05 3.360563132446259260e-04 3.086624492425471544e-04
3.660000000000000000e+05 7.361805764958262444e-04 7.190144970081746578e-04
3.667280000000000000e+05 4.885817179456353188e-04 4.720059514511376619e-04
3.670000000000000000e+05 2.631583774928003550e-04 2.631583774928003550e-04
3.680000000000000000e+05 2.117558760801330209e-04 2.117558760801330209e-04
3.690000000000000000e+05 1.795138814486563206e-04 1.795138814486563206e-04
3.700000000000000000e+05 1.555138878757134080e-04 1.555138878757134080e-04
3.703030000000000000e+05 1.493385207140818238e-04 1.323892211075872183e-04
3.703030000000000000e+05 1.504154060967266560e-04 1.323892211075872183e-04
3.710000000000000000e+05 1.633206993574276567e-04 1.476407051086425781e-04
3.720000000000000000e+05 1.768141984939575195e-02 1.757442019879817963e-02
3.723040000000000000e+05 2.481006272137165070e-02 2.447750978171825409e-02
3.727990000000000000e+05 1.465943205403164029e-04 1.312407403020188212e-04
3.727990000000000000e+05 1.477800542488694191e-04 1.312407403020188212e-04
3.730000000000000000e+05 3.587326209526509047e-04 3.345688746776431799e-04
3.740000000000000000e+05 2.204018674092367291e-04 2.044497377937659621e-04
3.748000000000000000e+05 1.954316720366477966e-02 1.925523765385150909e-02
3.750000000000000000e+05 2.232683618785813451e-04 2.232683618785813451e-04
3.754170000000000000e+05 1.778147707227617502e-04 1.586013968335464597e-04
3.754170000000000000e+05 1.786893262760713696e-04 1.586013968335464597e-04
3.760000000000000000e+05 2.330420538783073425e-04 2.123708400176838040e-04
3.770000000000000000e+05 2.196357527282088995e-04 2.008838055189698935e-04
3.774180000000000000e+05 3.472216427326202393e-03 3.413226688280701637e-03
3.775010000000000000e+05 1.943968236446380615e-04 1.770372618921101093e-04
3.775010000000000000e+05 1.954215986188501120e-04 1.770372618921101093e-04
3.780000000000000000e+05 2.168714418075978756e-04 1.989344600588083267e-04
3.790000000000000000e+05 2.924389578402042389e-02 2.910673618316650391e-02
3.795020000000000000e+05 5.474263802170753479e-02 5.437172949314117432e-02
3.800000000000000000e+05 2.027836744673550129e-04 2.027836744673550129e-04
3.801810000000000000e+05 1.932991726789623499e-04 1.753459509927779436e-04
3.801810000000000000e+05 1.940999645739793777e-04 1.753459509927779436e-04
3.810000000000000000e+05 3.266678750514984131e-02 3.273584693670272827e-02
3.820000000000000000e+05 1.553195179440081120e-03 1.512185437604784966e-03
3.821820000000000000e+05 5.184480105526745319e-04 5.057363305240869522e-04
3.827660000000000000e+05 2.068174362648278475e-04 1.887466059997677803e-04
3.827660000000000000e+05 2.076313248835504055e-04 1.887466059997677803e-04
3.830000000000000000e+05 6.759501993656158447e-04 6.676827906630933285e-04
3.840000000000000000e+05 4.255061212461441755e-04 4.036870668642222881e-04
3.847670000000000000e+05 5.059525719843804836e-04 4.826390941161662340e-04
3.850000000000000000e+05 2.296045713592320681e-04 2.296045713592320681e-04
3.859730000000000000e+05 1.879503397503867745e-04 1.716267724987119436e-04
3.859730000000000000e+05 1.888521946966648102e-04 1.716267724987119436e-04
3.860000000000000000e+05 2.271893322467803955e-01 2.157818526029586792e-01
3.870000000000000000e+05 1.987123396247625351e-04 1.805988431442528963e-04
3.879740000000000000e+05 5.418101325631141663e-02 5.384432151913642883e-02
3.880000000000000000e+05 3.414084203541278839e-04 3.414084203541278839e-04
3.885290000000000000e+05 1.916733745019882917e-04 1.741242886055260897e-04
3.885290000000000000e+05 1.924337702803313732e-04 1.741242886055260897e-04
3.890000000000000000e+05 2.263336791656911373e-04 2.096454554703086615e-04
3.900000000000000000e+05 1.868802646640688181e-04 1.706073089735582471e-04
3.905300000000000000e+05 2.970138739328831434e-04 2.808819408528506756e-04
3.910000000000000000e+05 2.015919017139822245e-04 2.015919017139822245e-04
3.913720000000000000e+05 1.868955732788890600e-04 1.704387977952137589e-04
3.913720000000000000e+05 1.876921305665746331e-04 1.704387977952137589e-04
3.920000000000000000e+05 2.041843545157462358e-04 1.879028714029118419e-04
3.930000000000000000e+05 2.195369161199778318e-04 2.008047304116189480e-04
3.933730000000000000e+05 2.103620208799839020e-04 1.929503050632774830e-04
3.937290000000000000e+05 1.934909378178417683e-04 1.757361314957961440e-04
3.937290000000000000e+05 1.941885711858049035e-04 1.757361314957961440e-04
3.940000000000000000e+05 2.735858433879911900e-04 2.518751425668597221e-04
3.950000000000000000e+05 2.840553934220224619e-04 2.649952657520771027e-04
3.957300000000000000e+05 3.559221222531050444e-04 3.410087956581264734e-04
3.960000000000000000e+05 2.146831538993865252e-04 2.146831538993865252e-04
3.962640000000000000e+05 2.016266371356323361e-04 1.830876135500147939e-04
3.962640000000000000e+05 2.023374545387923717e-04 1.830876135500147939e-04
3.970000000000000000e+05 1.977605279535055161e-03 1.982136163860559464e-03
3.980000000000000000e+05 5.603828653693199158e-02 5.574070289731025696e-02
3.982650000000000000e+05 8.347769035026431084e-04 8.149758796207606792e-04
3.985520000000000000e+05 2.471412299200892448e-04 2.271162957185879350e-04
3.985520000000000000e+05 2.483270654920488596e-04 2.271162957185879350e-04
3.990000000000000000e+05 2.672701084520667791e-04 2.466710284352302551e-04
4.000000000000000000e+05 1.001448952592909336e-03 9.951184038072824478e-04
4.005530000000000000e+05 5.238422891125082970e-04 4.978663055226206779e-04
4.010000000000000000e+05 2.411852765362709761e-04 2.411852765362709761e-04
4.020000000000000000e+05 1.922636292874813080e-04 1.922636292874813080e-04
4.027930000000000000e+05 1.715199905447661877e-04 1.569487067172303796e-04
4.027930000000000000e+05 1.731808151816949248e-04 1.569487067172303796e-04
4.030000000000000000e+05 5.026123835705220699e-04 4.844351788051426411e-04
4.040000000000000000e+05 5.860232049599289894e-04 5.693758721463382244e-04
4.047940000000000000e+05 2.146059705410152674e-04 1.997654471779242158e-04
4.048120000000000000e+05 2.146059705410152674e-04 1.997654471779242158e-04
4.048120000000000000e+05 2.155779511667788029e-04 1.997654471779242158e-04
4.050000000000000000e+05 9.557401644997298717e-04 9.317781659774482250e-04
4.060000000000000000e+05 1.924560056068003178e-04 1.776572025846689939e-04
4.068130000000000000e+05 2.417642099317163229e-04 2.243925700895488262e-04
4.070000000000000000e+05 2.026724250754341483e-04 2.026724250754341483e-04
4.072550000000000000e+05 1.916538749355822802e-04 1.758037105901166797e-04
4.072550000000000000e+05 1.922425435623154044e-04 1.758037105901166797e-04
4.080000000000000000e+05 2.121256402460858226e-04 1.973006146727129817e-04
4.090000000000000000e+05 2.517091343179345131e-04 2.341779327252879739e-04
4.092560000000000000e+05 1.953403092920780182e-02 1.924158819019794464e-02
4.100000000000000000e+05 1.984897971851751208e-04 1.984897971851751208e-04
4.100460000000000000e+05 1.967787829926237464e-04 1.815102004911750555e-04
4.100460000000000000e+05 1.974495971808210015e-04 1.815102004911750555e-04
4.110000000000000000e+05 2.128940832335501909e-04 1.989198790397495031e-04
4.120000000000000000e+05 2.533385704737156630e-04 2.351181174162775278e-04
4.120470000000000000e+05 5.829907581210136414e-02 5.745064467191696167e-02
4.127910000000000000e+05 2.008012525038793683e-04 1.854189467849209905e-04
4.127910000000000000e+05 2.015313220908865333e-04 1.854189467849209905e-04
4.130000000000000000e+05 4.405553336255252361e-04 4.167170554865151644e-04
4.140000000000000000e+05 2.715348091442137957e-04 2.571198274381458759e-04
4.147920000000000000e+05 1.278119534254074097e-02 1.260994467884302139e-02
4.150000000000000000e+05 2.272206038469448686e-04 2.272206038469448686e-04
4.154090000000000000e+05 2.056471857940778136e-04 1.885597157524898648e-04
4.154090000000000000e+05 2.064513100776821375e-04 1.885597157524898648e-04
4.160000000000000000e+05 2.187659265473484993e-04 2.034922508755698800e-04
4.170000000000000000e+05 2.691440982744097710e-03 2.632066840305924416e-03
4.174100000000000000e+05 2.858689986169338226e-03 2.805887022987008095e-03
4.178260000000000000e+05 2.023631386691704392e-04 1.860792835941538215e-04
4.178260000000000000e+05 2.031524054473266006e-04 1.860792835941538215e-04
4.180000000000000000e+05 4.372230614535510540e-04 4.150806344114243984e-04
4.190000000000000000e+05 3.787600144278258085e-04 3.646733530331403017e-04
4.198270000000000000e+05 5.606762715615332127e-04 5.411892780102789402e-04
4.200000000000000000e+05 2.466666919644922018e-04 2.466666919644922018e-04
4.208460000000000000e+05 1.950777659658342600e-04 1.808196102501824498e-04
4.208460000000000000e+05 1.958871434908360243e-04 1.808196102501824498e-04
4.210000000000000000e+05 7.765580667182803154e-04 7.618428207933902740e-04
4.220000000000000000e+05 2.590037882328033447e-02 2.595380321145057678e-02
4.228470000000000000e+05 3.801853628829121590e-03 3.719555214047431946e-03
4.230000000000000000e+05 2.371853915974497795e-04 2.371853915974497795e-04
4.237110000000000000e+05 1.991725730476900935e-04 1.841228222474455833e-04
4.237110000000000000e+05 1.998531370190903544e-04 1.841228222474455833e-04
4.240000000000000000e+05 3.078917507082223892e-04 2.909375471062958241e-04
4.250000000000000000e+05 2.125510014593601227e-03 2.076641190797090530e-03
4.257120000000000000e+05 2.027993462979793549e-02 2.002985961735248566e-02
4.258490000000000000e+05 2.053251082543283701e-04 1.884904340840876102e-04
4.258490000000000000e+05 2.060206898022443056e-04 1.884904340840876102e-04
4.260000000000000000e+05 5.704431678168475628e-04 5.558968405239284039e-04
4.270000000000000000e+05 2.234470448456704617e-04 2.059257240034639835e-04
4.278500000000000000e+05 2.322467917110770941e-04 2.137169794877991080e-04
4.278690000000000000e+05 2.322467917110770941e-04 2.137169794877991080e-04
4.278690000000000000e+05 2.330841962248086929e-04 2.137169794877991080e-04
4.280000000000000000e+05 1.250269473530352116e-03 1.216276781633496284e-03
4.290000000000000000e+05 8.546394295990467072e-03 8.489028550684452057e-03
4.298700000000000000e+05 2.357994235353544354e-04 2.182481694035232067e-04
4.300000000000000000e+05 2.260726760141551495e-04 2.260726760141551495e-04
4.305930000000000000e+05 2.006869472097605467e-04 1.842480705818161368e-04
4.305930000000000000e+05 2.014777855947613716e-04 1.842480705818161368e-04
4.310000000000000000e+05 2.972300280816853046e-04 2.767163387034088373e-04
4.320000000000000000e+05 1.147229820489883423e-01 1.135805770754814148e-01
4.325940000000000000e+05 1.965349726378917694e-02 1.923888549208641052e-02
4.330000000000000000e+05 2.130816574208438396e-04 2.130816574208438396e-04
4.330510000000000000e+05 2.117817057296633720e-04 1.933011808432638645e-04
4.330510000000000000e+05 2.126257313648238778e-04 1.933011808432638645e-04
4.340000000000000000e+05 2.179581497330218554e-04 2.036388468695804477e-04
4.350000000000000000e+05 2.615650591906160116e-04 2.430851745884865522e-04
4.350520000000000000e+05 4.652784019708633423e-02 4.598109424114227295e-02
4.358470000000000000e+05 2.034306235145777464e-04 1.872276770882308483e-04
4.358470000000000000e+05 2.043028362095355988e-04 1.872276770882308483e-04
4.360000000000000000e+05 5.617184797301888466e-04 5.226577050052583218e-04
4.370000000000000000e+05 2.501742274034768343e-04 2.342469670111313462e-04
4.378480000000000000e+05 1.390877272933721542e-02 1.372012775391340256e-02
4.380000000000000000e+05 2.410233864793553948e-04 2.410233864793553948e-04
4.390000000000000000e+05 1.908682315843179822e-04 1.908682315843179822e-04
4.390050000000000000e+05 1.908682315843179822e-04 1.738408609526231885e-04
4.390050000000000000e+05 1.916244655149057508e-04 1.738408609526231885e-04
4.400000000000000000e+05 1.922509982250630856e-04 1.743956090649589896e-04
4.410000000000000000e+05 6.663125008344650269e-03 6.537737324833869934e-03
4.410060000000000000e+05 6.635849131271243095e-04 6.344188004732131958e-04
4.413840000000000000e+05 2.066098095383495092e-04 1.883411896415054798e-04
4.413840000000000000e+05 2.074687654385343194e-04 1.883411896415054798e-04
4.420000000000000000e+05 2.226495271315798163e-04 2.057385136140510440e-04
4.430000000000000000e+05 2.791458391584455967e-04 2.653976553119719028e-04
4.433850000000000000e+05 4.401577170938253403e-03 4.349370952695608139e-03
4.440000000000000000e+05 2.078501274809241295e-04 2.078501274809241295e-04
4.446110000000000000e+05 1.898961345432326198e-04 1.743792381603270769e-04
4.446110000000000000e+05 1.906929246615618467e-04 1.743792381603270769e-04
4.450000000000000000e+05 2.942976425401866436e-04 2.759243070613592863e-04
4.460000000000000000e+05 9.444725699722766876e-03 9.252423420548439026e-03
4.466120000000000000e+05 2.295834856340661645e-04 2.105833409586921334e-04
4.470000000000000000e+05 2.011792967095971107e-04 2.011792967095971107e-04
4.473420000000000000e+05 1.908409467432647943e-04 1.744819019222632051e-04
4.473420000000000000e+05 1.914896420203149319e-04 1.744819019222632051e-04
4.480000000000000000e+05 2.187878417316824198e-04 1.989878219319507480e-04
4.490000000000000000e+05 2.555553801357746124e-03 2.492003375664353371e-03
4.493430000000000000e+05 4.291150835342705250e-04 4.131149325985461473e-04
4.500000000000000000e+05 2.021178079303354025e-04 2.021178079303354025e-04
4.500020000000000000e+05 2.021178079303354025e-04 1.851131091825664043e-04
4.500020000000000000e+05 2.028450107900425792e-04 1.851131091825664043e-04
4.510000000000000000e+05 2.256584411952644587e-04 2.072373026749119163e-04
4.520000000000000000e+05 1.290683750994503498e-03 1.251658657565712929e-03
4.520030000000000000e+05 4.617951344698667526e-04 4.462963843252509832e-04
4.527890000000000000e+05 2.064032596535980701e-04 1.894433225970715284e-04
4.527890000000000000e+05 2.070363116217777133e-04 1.894433225970715284e-04
4.530000000000000000e+05 3.744584100786596537e-04 3.529389505274593830e-04
4.540000000000000000e+05 4.938207566738128662e-03 4.879325628280639648e-03
4.547900000000000000e+05 4.842184856534004211e-02 4.798139259219169617e-02
4.550000000000000000e+05 2.268025418743491173e-04 2.268025418743491173e-04
4.552930000000000000e+05 2.158670249627903104e-04 1.966981799341738224e-04
4.552930000000000000e+05 2.166473277611657977e-04 1.966981799341738224e-04
4.560000000000000000e+05 2.150121727026998997e-04 1.965785486390814185e-04
4.570000000000000000e+05 4.470568383112549782e-04 4.248493060003966093e-04
4.572940000000000000e+05 8.264057338237762451e-03 8.144920691847801208e-03
4.578360000000000000e+05 2.006254071602597833e-04 1.820567122194916010e-04
4.578360000000000000e+05 2.011778851738199592e-04 1.820567122194916010e-04
4.580000000000000000e+05 5.733114085160195827e-04 5.422857939265668392e-04
4.590000000000000000e+05 2.002679539145901799e-04 1.833344285842031240e-04
4.598370000000000000e+05 8.063405752182006836e-03 7.948718965053558350e-03
4.600000000000000000e+05 2.137303672498092055e-04 2.137303672498092055e-04
4.604100000000000000e+05 1.974910992430523038e-04 1.795981952454894781e-04
4.604100000000000000e+05 1.981526002055034041e-04 1.795981952454894781e-04
4.610000000000000000e+05 6.090318784117698669e-04 5.881245015189051628e-04
4.620000000000000000e+05 2.374429168412461877e-04 2.189706719946116209e-04
4.624110000000000000e+05 1.453542965464293957e-03 1.430210075341165066e-03
4.630000000000000000e+05 2.112756774295121431e-04 2.112756774295121431e-04
4.631080000000000000e+05 2.069869369734078646e-04 1.882556825876235962e-04
4.631080000000000000e+05 2.076825767289847136e-04 1.882556825876235962e-04
4.640000000000000000e+05 2.236505679320544004e-04 2.055084332823753357e-04
4.650000000000000000e+05 3.464627079665660858e-04 3.223601670470088720e-04
4.651090000000000000e+05 1.577899977564811707e-02 1.545812841504812241e-02
4.660000000000000000e+05 2.032689371844753623e-04 2.032689371844753623e-04
4.660730000000000000e+05 2.030125033343210816e-04 1.843795034801587462e-04
4.660730000000000000e+05 2.036457881331443787e-04 1.843795034801587462e-04
4.670000000000000000e+05 2.964794693980365992e-04 2.795340842567384243e-04
4.680000000000000000e+05 7.152119651436805725e-04 6.885943002998828888e-04
4.680740000000000000e+05 2.438084338791668415e-04 2.241389011032879353e-04
4.687630000000000000e+05 2.024248096859082580e-04 1.843488280428573489e-04
4.687630000000000000e+05 2.030230243690311909e-04 1.843488280428573489e-04
4.690000000000000000e+05 3.168263647239655256e-04 2.942697610706090927e-04
4.700000000000000000e+05 1.729554831981658936e-01 1.706000268459320068e-01
4.707640000000000000e+05 2.752105938270688057e-04 2.580693108029663563e-04
4.710000000000000000e+05 2.247983939014375210e-04 2.247983939014375210e-04
4.716760000000000000e+05 2.011214382946491241e-04 1.842859637690708041e-04
4.716760000000000000e+05 2.016804792219772935e-04 1.842859637690708041e-04
4.720000000000000000e+05 2.718903415370732546e-04 2.493417705409228802e-04
4.730000000000000000e+05 2.091816713800653815e-04 1.903856900753453374e-04
4.736770000000000000e+05 2.718209289014339447e-04 2.522715949453413486e-04
4.740000000000000000e+05 2.138275303877890110e-04 2.138275303877890110e-04
4.742590000000000000e+05 2.032357297139242291e-04 1.845790829975157976e-04
4.742590000000000000e+05 2.038127277046442032e-04 1.845790829975157976e-04
4.750000000000000000e+05 2.252668491564691067e-04 2.047116286121308804e-04
4.760000000000000000e+05 5.228638648986816406e-02 5.138444155454635620e-02
4.762600000000000000e+05 3.379198489710688591e-03 3.315924433991312981e-03
4.768530000000000000e+05 2.032878692261874676e-04 1.833210990298539400e-04
4.768530000000000000e+05 2.039008249994367361e-04 1.833210990298539400e-04
4.770000000000000000e+05 8.627400384284555912e-04 8.530450868420302868e-04
4.780000000000000000e+05 4.567596688866615295e-02 4.524395242333412170e-02
4.788540000000000000e+05 4.401327751111239195e-04 4.130133602302521467e-04
4.790000000000000000e+05 2.405351115157827735e-04 2.405351115157827735e-04
4.796140000000000000e+05 2.070561458822339773e-04 1.867872924776747823e-04
4.796140000000000000e+05 2.077638055197894573e-04 1.867872924776747823e-04
4.800000000000000000e+05 2.749518025666475296e-04 2.512771752662956715e-04
4.810000000000000000e+05 1.989831798709928989e-04 1.804516650736331940e-04
4.816150000000000000e+05 2.462383918464183807e-02 2.422800473868846893e-02
4.820000000000000000e+05 2.081588172586634755e-04 2.081588172586634755e-04
4.821880000000000000e+05 2.041773404926061630e-04 1.841778430389240384e-04
4.821880000000000000e+05 2.049666509265080094e-04 1.841778430389240384e-04
4.830000000000000000e+05 2.449521562084555626e-04 2.272791316499933600e-04
4.840000000000000000e+05 5.577701609581708908e-03 5.507249850779771805e-03
4.841890000000000000e+05 6.258818786591291428e-03 6.137039978057146072e-03
4.847400000000000000e+05 2.146255865227431059e-04 1.952296152012422681e-04
4.847400000000000000e+05 2.154160465579479933e-04 1.952296152012422681e-04
4.850000000000000000e+05 3.776540688704699278e-04 3.574723668862134218e-04
4.860000000000000000e+05 2.110645436914637685e-04 1.934827596414834261e-04
4.867410000000000000e+05 1.131749525666236877e-01 1.116525456309318542e-01
4.870000000000000000e+05 2.211676182923838496e-04 2.211676182923838496e-04
4.872930000000000000e+05 2.110364584950730205e-04 1.918750931508839130e-04
4.872930000000000000e+05 2.117220137733966112e-04 1.918750931508839130e-04
4.880000000000000000e+05 3.193405864294618368e-04 2.985127794090658426e-04
4.890000000000000000e+05 7.171669858507812023e-04 6.876969127915799618e-04
4.892940000000000000e+05 3.979667380917817354e-04 3.747638547793030739e-04
4.898420000000000000e+05 2.239980676677078009e-04 2.030549658229574561e-04
4.898420000000000000e+05 2.245845971629023552e-04 2.030549658229574561e-04
4.900000000000000000e+05 4.936930490657687187e-04 4.626793379429727793e-04
4.910000000000000000e+05 2.462194534018635750e-04 2.253061102237552404e-04
4.918430000000000000e+05 8.111243136227130890e-03 7.891110144555568695e-03
4.920000000000000000e+05 2.794751490000635386e-04 2.794751490000635386e-04
4.928140000000000000e+05 2.193341933889314532e-04 1.987350988201797009e-04
4.928140000000000000e+05 2.200238377554342151e-04 1.987350988201797009e-04
4.930000000000000000e+05 4.382546758279204369e-04 4.135578055866062641e-04
4.940000000000000000e+05 1.484307460486888885e-03 1.466660876758396626e-03
4.948150000000000000e+05 9.969195816665887833e-04 9.605293162167072296e-04
4.950000000000000000e+05 2.434336784062907100e-04 2.434336784062907100e-04
4.953450000000000000e+05 2.232385595561936498e-04 2.040906547335907817e-04
4.953450000000000000e+05 2.240797039121389389e-04 2.040906547335907817e-04
4.960000000000000000e+05 4.905542009510099888e-04 4.708544292952865362e-04
4.970000000000000000e+05 1.583043113350868225e-02 1.549413055181503296e-02
4.973460000000000000e+05 7.021849742159247398e-04 6.705374107696115971e-04
4.978020000000000000e+05 2.322346263099461794e-04 2.141692966688424349e-04
4.978020000000000000e+05 2.328163245692849159e-04 2.141692966688424349e-04
4.980000000000000000e+05 4.050543357152491808e-04 3.770778421312570572e-04
4.990000000000000000e+05 4.268645867705345154e-02 4.185276851058006287e-02
4.998030000000000000e+05 6.418085098266601562e-02 6.313515454530715942e-02
5.000000000000000000e+05 2.548967022448778152e-04 2.548967022448778152e-04
5.006080000000000000e+05 2.255379658890888095e-04 2.078425168292596936e-04
5.006080000000000000e+05 2.261290937894955277e-04 2.078425168292596936e-04
5.010000000000000000e+05 2.983474405482411385e-04 2.741048811003565788e-04
5.020000000000000000e+05 2.650308306328952312e-04 2.456005895510315895e-04
5.026090000000000000e+05 1.243691658601164818e-03 1.221600105054676533e-03
5.030000000000000000e+05 2.260026230942457914e-04 2.260026230942457914e-04
5.030090000000000000e+05 2.260026230942457914e-04 2.067456080112606287e-04
5.030090000000000000e+05 2.267102681798860431e-04 2.067456080112606287e-04
5.040000000000000000e+05 2.462958800606429577e-04 2.266189258079975843e-04
5.050000000000000000e+05 1.967567652463912964e-01 1.936237215995788574e-01
5.050100000000000000e+05 5.884670466184616089e-02 5.749186128377914429e-02
5.055570000000000000e+05 2.413389884168282151e-04 2.208256628364324570e-04
5.055570000000000000e+05 2.419881639070808887e-04 2.208256628364324570e-04
5.060000000000000000e+05 2.616865967866033316e-04 2.410820015938952565e-04
5.070000000000000000e+05 2.644343476276844740e-04 2.476742956787347794e-04
5.075580000000000000e+05 2.436046674847602844e-02 2.389978617429733276e-02
5.080000000000000000e+05 2.320943895028904080e-04 2.320943895028904080e-04
5.083480000000000000e+05 2.165646437788382173e-04 1.987519499380141497e-04
5.083480000000000000e+05 2.172842505387961864e-04 1.987519499380141497e-04
5.090000000000000000e+05 2.605493366718292236e-02 2.590874582529067993e-02
5.100000000000000000e+05 3.727465227711945772e-04 3.493106341920793056e-04
5.103490000000000000e+05 2.851246099453419447e-04 2.636049175634980202e-04
5.106830000000000000e+05 2.315419696969911456e-04 2.121816942235454917e-04
5.106830000000000000e+05 2.321558858966454864e-04 2.121816942235454917e-04
5.110000000000000000e+05 2.922346466220915318e-04 2.724466321524232626e-04
5.120000000000000000e+05 2.182137832278385758e-04 2.007215516641736031e-04
5.126840000000000000e+05 3.916573477908968925e-04 3.676931664813309908e-04
5.130000000000000000e+05 2.220288588432595134e-04 2.220288588432595134e-04
5.131430000000000000e+05 2.167302736779674888e-04 1.981946552405133843e-04
5.131430000000000000e+05 2.172770182369276881e-04 1.981946552405133843e-04
5.140000000000000000e+05 2.201347379013895988e-04 2.023848792305216193e-04
5.150000000000000000e+05 3.215877804905176163e-04 2.988625783473253250e-04
5.151440000000000000e+05 4.047453694511204958e-04 3.790281480178236961e-04
5.157000000000000000e+05 2.208871301263570786e-04 2.026979345828294754e-04
5.157000000000000000e+05 2.213899133494123816e-04 2.026979345828294754e-04
5.160000000000000000e+05 4.127484862692654133e-04 3.895755799021571875e-04
5.170000000000000000e+05 8.042534813284873962e-03 7.857621647417545319e-03
5.177010000000000000e+05 1.475709397345781326e-02 1.440995652228593826e-02
5.180000000000000000e+05 2.403795078862458467e-04 2.403795078862458467e-04
5.183140000000000000e+05 2.255400177091360092e-04 2.068671456072479486e-04
5.183140000000000000e+05 2.261115732835605741e-04 2.068671456072479486e-04
5.190000000000000000e+05 2.924008877016603947e-04 2.623108739499002695e-04
5.200000000000000000e+05 2.502978313714265823e-04 2.300405467394739389e-04
5.203150000000000000e+05 1.297144871205091476e-02 1.277356129139661789e-02
5.210000000000000000e+05 2.244450442958623171e-04 2.244450442958623171e-04
5.210770000000000000e+05 2.220610185759142041e-04 2.025639259954914451e-04
5.210770000000000000e+05 2.225677162641659379e-04 2.025639259954914451e-04
5.220000000000000000e+05 2.175697300117462873e-04 1.991783647099509835e-04
5.230000000000000000e+05 1.214808225631713867e-02 1.201355364173650742e-02
5.230780000000000000e+05 1.953823305666446686e-02 1.914226263761520386e-02
5.234610000000000000e+05 2.160817821277305484e-04 1.977011270355433226e-04
5.234610000000000000e+05 2.167146158171817660e-04 1.977011270355433226e-04
5.240000000000000000e+05 5.186382215470075607e-03 4.902434535324573517e-03
5.250000000000000000e+05 1.599046029150485992e-02 1.573986001312732697e-02
5.254620000000000000e+05 1.045825658366084099e-03 1.012335298582911491e-03
5.260000000000000000e+05 2.266916708322241902e-04 2.266916708322241902e-04
5.261530000000000000e+05 2.183383767260238528e-04 1.990518649108707905e-04
5.261530000000000000e+05 2.189334190916270018e-04 1.990518649108707905e-04
5.270000000000000000e+05 2.925740845967084169e-04 2.695142466109246016e-04
5.280000000000000000e+05 4.296216065995395184e-04 4.144872946199029684e-04
5.281540000000000000e+05 3.301514079794287682e-04 3.138213069178164005e-04
5.289090000000000000e+05 2.154497778974473476e-04 1.970183511730283499e-04
5.289090000000000000e+05 2.159863361157476902e-04 1.970183511730283499e-04
5.290000000000000000e+05 1.271078246645629406e-03 1.186871319077908993e-03
5.300000000000000000e+05 2.325403911527246237e-04 2.133315429091453552e-04
5.309100000000000000e+05 1.206779736094176769e-03 1.189674832858145237e-03
5.310000000000000000e+05 2.417287614662200212e-04 2.417287614662200212e-04
5.315610000000000000e+05 2.171693049604073167e-04 1.986877323361113667e-04
5.315610000000000000e+05 2.177290152758359909e-04 1.986877323361113667e-04
5.320000000000000000e+05 2.681602491065859795e-04 2.384865074418485165e-04
5.330000000000000000e+05 2.680937992408871651e-03 2.654389711096882820e-03
5.335620000000000000e+05 2.911437477450817823e-04 2.721418859437108040e-04
5.340000000000000000e+05 2.260496548842638731e-04 2.260496548842638731e-04
5.341210000000000000e+05 2.216791326645761728e-04 2.036844962276518345e-04
5.341210000000000000e+05 2.222780894953757524e-04 2.036844962276518345e-04
5.350000000000000000e+05 2.154691756004467607e-04 1.979807275347411633e-04
5.360000000000000000e+05 6.734285503625869751e-02 6.632537394762039185e-02
5.361220000000000000e+05 7.441547513008117676e-02 7.332444190979003906e-02
5.365880000000000000e+05 2.152582164853811264e-04 1.968506694538518786e-04
5.365880000000000000e+05 2.158810239052399993e-04 1.968506694538518786e-04
5.370000000000000000e+05 3.492892428766936064e-04 3.297353105153888464e-04
5.380000000000000000e+05 2.918792597483843565e-04 2.649083035066723824e-04
5.385890000000000000e+05 1.041552401147782803e-03 1.020480529405176640e-03
5.390000000000000000e+05 2.153615205315873027e-04 2.153615205315873027e-04
5.391280000000000000e+05 2.124385064234957099e-04 1.927696430357173085e-04
5.391280000000000000e+05 2.129844651790335774e-04 1.927696430357173085e-04
5.400000000000000000e+05 6.179916672408580780e-04 6.042540189810097218e-04
5.410000000000000000e+05 7.479324191808700562e-02 7.383281737565994263e-02
5.411290000000000000e+05 2.437164308503270149e-03 2.366160973906517029e-03
5.415850000000000000e+05 2.306056994711980224e-04 2.117930853273719549e-04
5.415850000000000000e+05 2.313263685209676623e-04 2.117930853273719549e-04
5.420000000000000000e+05 3.031706728506833315e-04 2.792525920085608959e-04
5.430000000000000000e+05 1.810079091228544712e-03 1.751431147567927837e-03
5.435860000000000000e+05 2.104149665683507919e-03 2.084073843434453011e-03
5.440000000000000000e+05 2.289849508088082075e-04 2.289849508088082075e-04
5.441490000000000000e+05 2.228006342193111777e-04 2.028103190241381526e-04
5.441490000000000000e+05 2.233839040854945779e-04 2.028103190241381526e-04
5.450000000000000000e+05 2.185855992138385773e-04 1.995166967390105128e-04
5.460000000000000000e+05 5.967447650618851185e-04 5.812278250232338905e-04
5.461500000000000000e+05 5.770895630121231079e-03 5.654228851199150085e-03
5.466300000000000000e+05 2.326280518900603056e-04 2.122331206919625401e-04
5.466300000000000000e+05 2.333610464120283723e-04 2.122331206919625401e-04
5.470000000000000000e+05 3.057356807403266430e-04 2.821083180606365204e-04
5.480000000000000000e+05 9.749002638272941113e-04 9.564284118823707104e-04
5.486310000000000000e+05 1.324226111173629761e-01 1.303888559341430664e-01
5.490000000000000000e+05 2.341911749681457877e-04 2.341911749681457877e-04
5.493180000000000000e+05 2.211365645052865148e-04 2.016631187871098518e-04
5.493180000000000000e+05 2.217248693341389298e-04 2.016631187871098518e-04
5.500000000000000000e+05 2.305500820511952043e-04 2.093356888508424163e-04
5.510000000000000000e+05 2.871328906621783972e-04 2.692828129511326551e-04
5.513190000000000000e+05 2.104421379044651985e-03 2.032922580838203430e-03
5.516390000000000000e+05 2.370102301938459277e-04 2.165128098567947745e-04
5.516390000000000000e+05 2.377171331318095326e-04 2.165128098567947745e-04
5.520000000000000000e+05 2.660976606421172619e-04 2.438866795273497701e-04
5.530000000000000000e+05 2.840717323124408722e-03 2.809500554576516151e-03
5.536400000000000000e+05 1.798445358872413635e-03 1.747596776112914085e-03
5.540000000000000000e+05 2.391314919805154204e-04 2.391314919805154204e-04
5.543150000000000000e+05 2.245281793875619769e-04 2.057428500847890973e-04
5.543150000000000000e+05 2.250531688332557678e-04 2.057428500847890973e-04
5.550000000000000000e+05 1.039611990563571453e-03 1.009317697025835514e-03
5.560000000000000000e+05 5.139988288283348083e-02 5.052104964852333069e-02
5.563160000000000000e+05 2.733741886913776398e-02 2.675419114530086517e-02
5.567230000000000000e+05 2.414885675534605980e-04 2.205286436947062612e-04
5.567230000000000000e+05 2.421980898361653090e-04 2.205286436947062612e-04
5.570000000000000000e+05 3.036634880118072033e-04 2.802337112370878458e-04
5.580000000000000000e+05 2.789452846627682447e-04 2.548369229771196842e-04
5.587240000000000000e+05 3.264757245779037476e-02 3.223277255892753601e-02
5.590000000000000000e+05 2.559059648774564266e-04 2.559059648774564266e-04
5.600000000000000000e+05 2.092231734422966838e-04 2.092231734422966838e-04
5.603850000000000000e+05 2.022551343543455005e-04 1.860247430158779025e-04
5.603850000000000000e+05 2.029867318924516439e-04 1.860247430158779025e-04
5.610000000000000000e+05 2.085328596876934171e-04 1.901713694678619504e-04
5.620000000000000000e+05 2.223079791292548180e-04 2.041476254817098379e-04
5.623860000000000000e+05 2.727981470525264740e-02 2.685799635946750641e-02
5.628980000000000000e+05 2.068472822429612279e-04 1.890929561341181397e-04
5.628980000000000000e+05 2.075234515359625220e-04 1.890929561341181397e-04
5.630000000000000000e+05 8.286322699859738350e-04 7.981585222296416759e-04
5.640000000000000000e+05 2.719035546761006117e-04 2.515139931347221136e-04
5.648990000000000000e+05 6.062612310051918030e-02 5.999895557761192322e-02
5.650000000000000000e+05 2.370889706071466208e-04 2.370889706071466208e-04
5.654530000000000000e+05 2.095282980008050799e-04 1.919406786328181624e-04
5.654530000000000000e+05 2.101304708048701286e-04 1.919406786328181624e-04
5.660000000000000000e+05 2.670887624844908714e-04 2.482562558725476265e-04
5.670000000000000000e+05 2.549167547840625048e-04 2.390165318502113223e-04
5.674540000000000000e+05 2.229834353784099221e-04 2.055085205938667059e-04
5.677990000000000000e+05 2.082575374515727162e-04 1.904787059174850583e-04
5.677990000000000000e+05 2.087578177452087402e-04 1.904787059174850583e-04
5.680000000000000000e+05 3.116390143986791372e-04 2.916872908826917410e-04
5.690000000000000000e+05 2.107782347593456507e-04 1.936004264280200005e-04
5.698000000000000000e+05 2.594575053080916405e-04 2.421813260298222303e-04
5.700000000000000000e+05 2.195885463152080774e-04 2.195885463152080774e-04
5.701620000000000000e+05 2.142989687854424119e-04 1.957445638254284859e-04
5.701620000000000000e+05 2.148939820472151041e-04 1.957445638254284859e-04
5.710000000000000000e+05 2.640479709953069687e-03 2.541841240599751472e-03
5.720000000000000000e+05 2.569302450865507126e-04 2.409671724308282137e-04
5.721630000000000000e+05 2.366072684526443481e-02 2.323566563427448273e-02
5.726060000000000000e+05 2.192567480960860848e-04 2.014553174376487732e-04
5.726060000000000000e+05 2.199082955485209823e-04 2.014553174376487732e-04
5.730000000000000000e+05 2.503638679627329111e-04 2.296483726240694523e-04
5.740000000000000000e+05 5.388108547776937485e-04 5.109666963107883930e-04
5.746070000000000000e+05 1.791983493603765965e-03 1.754498807713389397e-03
5.750000000000000000e+05 2.220867027062922716e-04 2.220867027062922716e-04
5.754240000000000000e+05 2.093543298542499542e-04 1.923742529470473528e-04
5.754240000000000000e+05 2.099538833135738969e-04 1.923742529470473528e-04
5.760000000000000000e+05 2.260960754938423634e-04 2.060894621536135674e-04
5.770000000000000000e+05 2.660488826222717762e-04 2.487860911060124636e-04
5.774250000000000000e+05 1.676761507987976074e-01 1.651442497968673706e-01
5.778550000000000000e+05 2.184561162721365690e-04 2.036142104770988226e-04
5.778550000000000000e+05 2.190785016864538193e-04 2.036142104770988226e-04
5.780000000000000000e+05 8.712239214219152927e-04 8.550871862098574638e-04
5.790000000000000000e+05 5.888096056878566742e-03 5.848794709891080856e-03
5.798560000000000000e+05 1.014271401800215244e-03 9.959064191207289696e-04
5.800000000000000000e+05 2.251012629130855203e-04 2.251012629130855203e-04
5.802670000000000000e+05 2.139813877874985337e-04 1.977687206817790866e-04
5.802670000000000000e+05 2.144901227438822389e-04 1.977687206817790866e-04
5.810000000000000000e+05 2.283843932673335075e-04 2.117870608344674110e-04
5.820000000000000000e+05 5.171896424144506454e-03 5.062695592641830444e-03
5.822680000000000000e+05 7.945314864628016949e-04 7.587968721054494381e-04
5.826540000000000000e+05 2.279316686326637864e-04 2.114782982971519232e-04
5.826540000000000000e+05 2.284551883349195123e-04 2.114782982971519232e-04
5.830000000000000000e+05 2.607985516078770161e-04 2.403088728897273540e-04
5.840000000000000000e+05 1.750820688903331757e-02 1.720083691179752350e-02
5.846550000000000000e+05 3.345655277371406555e-04 3.191012656316161156e-04
5.850000000000000000e+05 2.166735648643225431e-04 2.166735648643225431e-04
5.852020000000000000e+05 2.111714129569008946e-04 1.950291480170562863e-04
5.852020000000000000e+05 2.118176780641078949e-04 1.950291480170562863e-04
5.860000000000000000e+05 2.329558046767488122e-04 2.145654725609347224e-04
5.870000000000000000e+05 6.815551221370697021e-02 6.733290106058120728e-02
5.872030000000000000e+05 5.003671976737678051e-04 4.746625781990587711e-04
5.875650000000000000e+05 2.273114660056307912e-04 2.098896802635863423e-04
5.875650000000000000e+05 2.278965548612177372e-04 2.098896802635863423e-04
5.880000000000000000e+05 1.620062068104743958e-02 1.333114504814147949e-02
5.890000000000000000e+05 4.649023176170885563e-04 4.328312061261385679e-04
5.895660000000000000e+05 3.238602366764098406e-04 2.986228791996836662e-04
5.900000000000000000e+05 2.184384211432188749e-04 2.184384211432188749e-04
5.900980000000000000e+05 2.157437556888908148e-04 1.970993180293589830e-04
